0.766454 -0.518098 -0.379634 0.0485501 -0.0625613 0.99686 -0.154457 -0.986501 -0.0543887 0.986806 -0.151332 -0.0575578 
0.815962 -0.494748 -0.29905 -0.00952694 -0.0496341 0.998722 -0.12111 -0.991358 -0.0504234 0.992593 -0.121436 0.0034334 
0.539115 0.81577 0.209464 0.643168 -0.693199 0.325286 -0.758547 -0.518757 0.394332 -0.104606 -0.500366 -0.859472 
0.936961 -0.0637103 -0.343578 -0.0213665 0.996609 -0.0794645 -0.862493 0.0218227 0.505599 0.505618 0.0793405 0.859101 
0.804483 -0.502459 -0.31677 -0.00206222 -0.0363759 0.999336 -0.112983 -0.992931 -0.0363759 0.993595 -0.112983 -0.00206222 
0.788593 -0.511108 -0.34189 0.018406 -0.0458012 0.998781 -0.134713 -0.989955 -0.0429139 0.990714 -0.133759 -0.0243911 
0.789198 -0.506497 -0.347316 0.00576008 -0.0525741 0.9986 -0.130317 -0.99014 -0.051377 0.991456 -0.129839 -0.0125546 
0.922801 -0.0720401 -0.378481 -0.031331 0.998413 -0.0468064 -0.830072 9.50525e-05 0.557656 0.556775 0.0563246 0.828752 
0.956075 -0.288965 -0.0491931 -0.179689 -0.039083 0.982947 -0.0525195 -0.997404 -0.0492588 0.98232 -0.0604752 0.17717 
0.862367 -0.469893 -0.18848 -0.0660901 0.0147367 0.997705 -0.178596 -0.983919 0.00270247 0.9817 -0.178008 0.0676592 
0.954133 -0.29621 -0.0434826 -0.191477 0.00586325 0.98148 -0.0606185 -0.998144 -0.00586325 0.979623 -0.0606185 0.191477 
0.930864 -0.0464944 -0.362396 -0.00122185 0.999393 -0.0348207 -0.862656 0.0165585 0.505519 0.505789 0.0306559 0.862112 
0.911214 -0.0826034 -0.403565 -0.00152729 0.999851 -0.0172136 -0.807215 0.00892775 0.59019 0.590256 0.0147964 0.807081 
0.902183 -0.430732 -0.023159 -0.663974 0.564231 -0.490696 -0.641626 -0.0929074 0.76137 0.383999 0.820373 0.423713 
0.904986 -0.425434 0.00249704 -0.685922 0.529934 -0.49868 -0.637293 -0.106693 0.7632 0.35124 0.841301 0.410906 
0.901481 -0.432767 -0.00664263 -0.668791 0.548951 -0.50137 -0.649971 -0.104349 0.752761 0.360911 0.829315 0.42659 
0.903684 -0.428192 0.00250802 -0.67698 0.53821 -0.502025 -0.647846 -0.112058 0.753484 0.349277 0.835328 0.424538 
0.937312 -0.0601806 -0.343255 -0.0200184 0.996361 -0.0828532 -0.862702 0.0246699 0.50511 0.505316 0.0815892 0.859069 
0.971758 -0.0301225 -0.234051 -0.0327246 0.967275 -0.25161 -0.967275 0.0327246 0.25161 0.25161 0.25161 0.934551 
0.932205 -0.0420967 -0.359474 -0.00327668 0.999633 -0.0268763 -0.863568 0.0107231 0.504118 0.504222 0.0248613 0.863216 
0.927199 -0.0569842 -0.370209 0.000991814 0.999332 -0.0365209 -0.862425 0.0193411 0.505816 0.506184 0.0309949 0.861868 
0.937007 -0.0631077 -0.343563 -0.0165366 0.996978 -0.0759049 -0.863067 0.0240957 0.504514 0.504818 0.073854 0.860061 
0.934369 -0.0924276 -0.344109 -0.0286184 0.991404 -0.127671 -0.876008 0.0366421 0.480903 0.481447 0.125603 0.867429 
0.969651 -0.0299546 -0.242652 -0.028624 0.97499 -0.2204 -0.967282 0.0285873 0.252087 0.252083 0.220404 0.942272 
0.970676 -0.0301254 -0.238495 -0.025264 0.967724 -0.250744 -0.974392 0.0322227 0.222537 0.223434 0.249945 0.942128 
0.968187 -0.0300014 -0.248422 -0.0286117 0.974572 -0.22224 -0.967287 0.0290712 0.252014 0.252067 0.22218 0.941859 
0.97774 0.00826223 -0.209656 -0.0200946 0.970268 -0.241198 -0.986675 0.019714 0.161505 0.161458 0.241229 0.956943 
0.971758 -0.0301225 -0.234051 -0.0327246 0.967275 -0.25161 -0.967275 0.0327246 0.25161 0.25161 0.25161 0.934551 
0.985177 0.0349863 -0.167937 -0.000247059 0.968 -0.250949 -0.99843 0.0138195 0.0542897 0.0560204 0.250568 0.966477 
0.98503 0.0314807 -0.169485 -0.0181213 0.96213 -0.271988 -0.997521 0.00110308 0.0703623 0.0679977 0.272589 0.959725 
0.974172 -0.011709 -0.225502 -0.0318459 0.975294 -0.218605 -0.96745 0.0248579 0.251838 0.25105 0.219509 0.942756 
0.93019 -0.0505266 -0.363583 -0.00122073 0.999355 -0.0358917 -0.8638 0.0170297 0.503547 0.503834 0.031618 0.863222 
0.928876 -0.0573278 -0.365928 -0.00153506 0.998979 -0.0451422 -0.863812 0.0214186 0.503359 0.503812 0.039767 0.862897 
0.959286 -0.0299931 -0.280841 -0.0549131 0.985581 -0.160044 -0.919187 0.0127034 0.393616 0.389973 0.168725 0.905236 
0.984866 0.034022 -0.169946 -0.000223327 0.968 -0.250951 -0.998717 0.0124902 0.0490677 0.0506319 0.25064 0.966755 
0.988663 0.0476273 -0.1424 -0 0.955303 -0.29563 -1 0 0 0 0.29563 0.955303 
0.957704 -0.0576005 -0.28193 -0.0552024 0.967591 -0.246415 -0.937933 0.034378 0.345109 0.342396 0.250171 0.905638 
0.974276 -0.0114009 -0.225067 -0.0279054 0.975971 -0.216105 -0.967632 0.0278711 0.25082 0.250816 0.21611 0.943604 
0.985853 0.0384816 -0.163136 0.000114456 0.967996 -0.250966 -0.999437 0.00853213 0.0324533 0.033556 0.250821 0.967452 
0.953791 -0.0324395 -0.298716 -0.0511735 0.989795 -0.13299 -0.913668 0.00736589 0.406395 0.403227 0.142305 0.903967 
0.970987 -0.0299982 -0.237241 -0.017739 0.967077 -0.253864 -0.979171 0.0345598 0.200074 0.20226 0.252125 0.946321 
0.971758 -0.0301225 -0.234051 -0.0327246 0.967275 -0.25161 -0.967275 0.0327246 0.25161 0.25161 0.25161 0.934551 
0.971612 -0.0299529 -0.234675 -0.0327246 0.967275 -0.25161 -0.967275 0.0327246 0.25161 0.25161 0.25161 0.934551 
0.970985 -0.0301247 -0.237237 -0.0327246 0.967275 -0.25161 -0.967275 0.0327246 0.25161 0.25161 0.25161 0.934551 
0.971612 -0.0299529 -0.234675 -0.0327246 0.967275 -0.25161 -0.967275 0.0327246 0.25161 0.25161 0.25161 0.934551 
0.971758 -0.0301225 -0.234051 -0.0327246 0.967275 -0.25161 -0.967275 0.0327246 0.25161 0.25161 0.25161 0.934551 
0.98396 0.0306165 -0.175743 0.000241613 0.967993 -0.250979 -0.997483 0.0180289 0.0685748 0.0709048 0.250331 0.96556 
0.957258 -0.0917847 -0.274287 -0.0550971 0.965907 -0.252957 -0.922166 0.0479139 0.383816 0.382851 0.254416 0.888087 
0.958558 -0.0221717 -0.284035 -0.0444038 0.990344 -0.13133 -0.926288 0.00842558 0.376723 0.374192 0.138377 0.916969 
0.971758 -0.0301225 -0.234051 -0.0327246 0.967275 -0.25161 -0.967275 0.0327246 0.25161 0.25161 0.25161 0.934551 
0.973564 -0.0226632 -0.227287 -0.0327246 0.967275 -0.25161 -0.967275 0.0327246 0.25161 0.25161 0.25161 0.934551 
0.971612 -0.0299529 -0.234675 -0.0327246 0.967275 -0.25161 -0.967275 0.0327246 0.25161 0.25161 0.25161 0.934551 
0.971758 -0.0301225 -0.234051 -0.0327246 0.967275 -0.25161 -0.967275 0.0327246 0.25161 0.25161 0.25161 0.934551 
0.984924 0.0346358 -0.169482 -4.56101e-05 0.967684 -0.252167 -0.999268 0.00960289 0.0370316 0.0382564 0.251984 0.966975 
0.987781 0.0457644 -0.148975 4.95245e-19 0.963971 -0.266007 -1 6.46439e-18 2.15643e-17 2.25069e-17 0.266007 0.963971 
0.903538 -0.428449 -0.00713827 -0.669257 0.548143 -0.501632 -0.648704 -0.101836 0.754197 0.362323 0.830162 0.423737 
0.903735 -0.428071 0.00430117 -0.67811 0.536837 -0.501969 -0.647536 -0.113324 0.753561 0.347654 0.836041 0.424467 
0.936624 -0.06799 -0.343675 -0.0316318 0.994445 -0.100394 -0.86284 0.0235292 0.504929 0.504486 0.102596 0.857303 
0.974942 -0.0301098 -0.22041 -0.0235544 0.955924 -0.292669 -0.982707 0.0316441 0.182446 0.183666 0.291906 0.938647 
0.904618 -0.426211 -0.00323703 -0.672504 0.539736 -0.506383 -0.650715 -0.105261 0.751991 0.352575 0.835228 0.422003 
0.905037 -0.42398 0.0338874 -0.669951 0.503697 -0.545394 -0.680665 -0.123429 0.722122 0.296413 0.855017 0.42554 
0.985006 0.0248754 -0.170715 0.00430556 0.949256 -0.314474 -0.999423 0.0146802 0.0306297 0.033692 0.314161 0.948772 
0.971312 -0.0193043 -0.237025 -0.0544258 0.966413 -0.251163 -0.968186 0.0104513 0.250015 0.244243 0.25678 0.935099 
0.903874 -0.394084 0.166464 -0.676719 0.329107 -0.658589 -0.735475 -0.261381 0.625105 0.0335836 0.907397 0.418932 
0.974167 -0.0259763 -0.224328 -0.0346344 0.963415 -0.265766 -0.967268 0.0345749 0.25139 0.251382 0.265773 0.930684 
0.928602 -0.0552355 -0.366943 -0.00130737 0.99926 -0.038441 -0.863803 0.0182392 0.5035 0.503828 0.0338637 0.86314 
0.93055 -0.0506384 -0.362645 -0.00115812 0.999419 -0.0340499 -0.863798 0.0161558 0.50358 0.503837 0.0299954 0.863278 
0.973266 -0.0299498 -0.227721 -0.0328615 0.963015 -0.267436 -0.967364 0.03662 0.250732 0.251252 0.266947 0.930383 
0.900436 -0.40626 0.155458 -0.630276 0.370975 -0.682004 -0.765884 -0.153202 0.624461 0.127175 0.915918 0.380684 
0.973743 -0.0301154 -0.225647 -0.0351218 0.962372 -0.269455 -0.96729 0.0350433 0.251239 0.251229 0.269465 0.929663 
0.897619 -0.393482 0.198626 -0.651462 0.328815 -0.683723 -0.755179 -0.194557 0.625981 0.0728088 0.924137 0.375061 
0.957362 -0.0795186 -0.27773 -0.0605251 0.966565 -0.249176 -0.931078 0.0353043 0.363107 0.359764 0.253979 0.897811 
0.902147 -0.393923 0.17594 -0.665569 0.329981 -0.669425 -0.745406 -0.249146 0.618301 0.0372431 0.910516 0.411793 
0.90273 -0.362165 0.232196 -0.656386 0.252977 -0.710746 -0.754425 -0.219993 0.618422 8.7588e-05 0.942128 0.335253 
0.907698 -0.364848 0.20729 -0.68086 0.252094 -0.687662 -0.732413 -0.233935 0.63941 0.000322882 0.939001 0.343914 
0.894823 -0.396947 0.204267 -0.646281 0.294703 -0.703897 -0.763099 -0.250158 0.595903 -0.000470917 0.922264 0.38656 
0.968434 -0.0300617 -0.247452 -0.0424608 0.962303 -0.268645 -0.961836 0.0333774 0.271584 0.270312 0.269924 0.92416 
0.909587 -0.409893 0.0681041 -0.718805 0.452991 -0.52737 -0.63819 -0.129077 0.758981 0.27574 0.882122 0.381875 
0.906198 -0.410952 0.0996153 -0.665784 0.442564 -0.600723 -0.703084 -0.102562 0.703672 0.249808 0.890852 0.379444 
0.6454 0.567447 -0.511334 0.003426 -0.988275 0.152644 -0.044603 -0.152644 -0.987274 0.998999 -0.003426 -0.044603 
0.907197 -0.399755 0.131106 -0.635538 0.396355 -0.662566 -0.758786 -0.162149 0.630834 0.1426 0.903665 0.4038 
0.92278 -0.361404 0.133659 -0.691437 0.356004 -0.628631 -0.710025 -0.174269 0.682272 0.133341 0.918091 0.373268 
0.898051 -0.403508 0.175174 -0.675017 0.351537 -0.648671 -0.727778 -0.172814 0.663683 0.12121 0.920085 0.372493 
0.65288 0.552335 -0.518338 0.00471316 -0.988706 0.149795 -0.0625107 -0.149795 -0.986739 0.998033 -0.00471316 -0.0625107 
0.637464 0.546331 -0.543288 0.00599602 -0.98182 0.189717 -0.0625731 -0.189717 -0.979843 0.998022 -0.00599602 -0.0625731 
0.649476 0.494432 -0.577683 0.0262999 -0.967741 0.250571 -0.0236861 -0.251191 -0.967648 0.999373 0.0195139 -0.0295283 
0.645943 0.489556 -0.585741 0.033136 -0.967536 0.250551 -0.0163917 -0.251181 -0.967801 0.999316 0.0279621 -0.0241827 
0.912992 -0.360242 0.191496 -0.707107 0.251923 -0.660708 -0.707107 -0.251923 0.660708 0 0.934382 0.356273 
0.905194 -0.380062 0.190204 -0.681146 0.28576 -0.674078 -0.73214 -0.269954 0.625377 -0.00326202 0.919492 0.393094 
0.646279 0.495556 -0.5803 0.0398265 -0.967229 0.250763 0.00017571 -0.250955 -0.967999 0.999207 0.038596 -0.00982472 
0.646315 0.496259 -0.579658 0.0356454 -0.967382 0.250803 0.000157276 -0.250957 -0.967998 0.999364 0.0345441 -0.0087933 
0.922293 -0.356112 0.150202 -0.718514 0.297996 -0.62844 -0.694379 -0.255775 0.67262 0.0396994 0.919662 0.3907 
0.647178 0.495411 -0.579421 0.0304966 -0.967194 0.2522 -0.0269698 -0.253022 -0.967084 0.999171 0.022691 -0.0338013 
0.639482 0.494722 -0.588484 0.0153688 -0.96749 0.25244 -0.0509836 -0.2529 -0.966148 0.998581 0.00197818 -0.0532129 
0.649353 0.5219 -0.553138 0.0414861 -0.978165 0.203648 0.00427091 -0.203648 -0.979035 0.99913 0.0414861 -0.00427091 
0.650316 0.522587 -0.551354 0.0402511 -0.978778 0.20093 0.00408719 -0.20093 -0.979597 0.999181 0.0402511 -0.00408719 
0.625302 0.498092 -0.600751 0.107331 -0.961474 0.253077 0.0372641 -0.250478 -0.967405 0.993525 0.113263 0.00894436 
0.646309 0.496137 -0.57977 0.0470105 -0.96671 0.251518 0.0135653 -0.251155 -0.967852 0.998802 0.0489111 0.00130678 
0.642666 0.53093 -0.552353 0.0450412 -0.978175 0.202841 -0.000912789 -0.203088 -0.97916 0.998985 0.0439174 -0.0100402 
0.655465 0.52008 -0.547615 0.0255076 -0.979065 0.201943 -0.00053404 -0.202022 -0.979381 0.999674 0.0248738 -0.00567595 
0.645799 0.487191 -0.587867 0.0500823 -0.963812 0.261838 0.0152596 -0.261398 -0.965111 0.998629 0.0523305 0.00161595 
0.633358 0.470027 -0.614761 0.0797302 -0.953246 0.291488 0.0401473 -0.289111 -0.956453 0.996008 0.0879607 0.0152194 
0.647039 0.496362 -0.578762 0.041408 -0.967006 0.251364 0.00519919 -0.251368 -0.967878 0.999129 0.0413848 -0.00538101 
0.619229 0.505959 -0.600467 0.10249 -0.962546 0.251 0.0269461 -0.249549 -0.967987 0.994369 0.105972 0.000360542 
0.64651 0.490536 -0.584293 0.0510363 -0.965111 0.256817 -0.000785038 -0.257191 -0.96636 0.998696 0.0491179 -0.0138837 
0.646985 0.496321 -0.578857 0.0361646 -0.967352 0.250843 0.00239783 -0.250922 -0.968004 0.999343 0.035609 -0.00675495 
0.617702 0.505291 -0.602599 0.110372 -0.961385 0.252106 0.0167105 -0.251825 -0.967628 0.99375 0.111012 -0.0117293 
0.6116 0.462143 -0.64216 0.212295 -0.922021 0.323741 0.141368 -0.298831 -0.943777 0.966926 0.246126 0.0669034 
0.626551 0.497928 -0.599584 0.115201 -0.960328 0.253965 0.0267379 -0.252576 -0.967207 0.992982 0.118214 -0.00342001 
0.632994 0.462219 -0.621025 0.0780653 -0.952214 0.295287 0.0188729 -0.294727 -0.955395 0.99677 0.0801561 -0.00503688 
0.460291 -0.241064 -0.854413 0.337563 -0.0696094 0.938726 0.936212 -0.0787572 -0.342499 0.0977725 0.994461 0.0385836 
0.50807 -0.168798 -0.844613 0.234456 -0.111891 0.965666 0.96538 -0.0900292 -0.244818 0.114331 0.989634 0.0869099 
0.489693 -0.284514 -0.824168 0.251385 -0.020837 0.967663 0.964216 -0.081602 -0.252247 0.0842193 0.996447 -0.000422151 
0.498858 -0.153314 -0.853015 0.240296 -0.143993 0.95996 0.960098 -0.110504 -0.256906 0.143072 0.983389 0.111694 
0.447692 -0.283304 -0.848122 0.399193 -0.0423413 0.915889 0.911444 -0.0901619 -0.401424 0.0995751 0.995027 0.00259971 
0.555643 -0.00727082 -0.831389 0.0127285 -0.252028 0.967636 0.996309 -0.0789557 -0.0336703 0.0848862 0.964494 0.250093 
0.510058 -0.0084904 -0.860098 0.132981 -0.255064 0.957736 0.988782 -0.0321668 -0.145859 0.0680106 0.966389 0.247925 
0.536901 -0.0297871 -0.843119 0.0709021 -0.244738 0.966993 0.99146 -0.0890841 -0.0952425 0.109453 0.965488 0.236331 
0.50938 -0.0300007 -0.860019 0.144036 -0.246439 0.958395 0.981057 -0.0912204 -0.170898 0.129541 0.964856 0.228631 
0.488581 -0.275384 -0.827921 0.248498 -0.0407418 0.967775 0.96129 -0.11241 -0.251565 0.119037 0.992826 0.0112309 
0.483231 -0.182377 -0.856287 0.245325 -0.114156 0.962696 0.964511 -0.0712841 -0.25424 0.0976479 0.990902 0.092617 
0.507272 -0.266309 -0.819606 0.195796 -0.0344365 0.98004 0.975989 -0.0904269 -0.198164 0.0954461 0.995308 0.0159044 
0.493609 -0.273481 -0.825565 0.238134 -0.0391785 0.970442 0.965524 -0.0986214 -0.240908 0.105145 0.994353 0.0143428 
0.557038 -0.0638179 -0.828031 0.0141615 -0.199904 0.979713 0.996106 -0.0824498 -0.0312217 0.0870185 0.97634 0.197958 
0.511716 -0.0617337 -0.856934 0.120719 -0.204046 0.97149 0.988911 -0.0605513 -0.135602 0.086494 0.977087 0.194474 
0.564526 0.00218294 -0.825412 0.000329061 -0.250936 0.968004 0.99525 -0.0941513 -0.0247452 0.0973483 0.963414 0.249713 
0.510205 -0.00475081 -0.86004 0.125869 -0.254646 0.958808 0.987922 -0.0558697 -0.144529 0.090372 0.965419 0.244538 
0.507923 -0.28707 -0.812161 0.221769 -0.0160427 0.974967 0.971288 -0.0846831 -0.222325 0.0861299 0.996279 -0.00319796 
0.506374 -0.298975 -0.808826 0.227705 -0.00744751 0.973702 0.969271 -0.093861 -0.227386 0.093086 0.995557 -0.0141539 
0.495793 -0.306959 -0.812383 0.251568 0.000257055 0.96784 0.964532 -0.0826723 -0.250686 0.0799491 0.996577 -0.0210456 
0.46434 -0.321934 -0.825074 0.332434 0.00518163 0.943112 0.939718 -0.0867629 -0.330761 0.0801132 0.996216 -0.0337122 
0.499787 -0.295251 -0.814272 0.250719 -0.0133326 0.967968 0.963983 -0.0882343 -0.250902 0.0887531 0.996011 -0.00926968 
0.551451 -0.0133443 -0.834101 0.0259296 -0.25211 0.967351 0.995231 -0.0845199 -0.0487043 0.0940393 0.964001 0.248716 
0.530399 0.10377 -0.841373 0.0594256 -0.364129 0.929451 0.990359 -0.0952102 -0.10062 0.125132 0.926469 0.35496 
0.512861 0.0396132 -0.857557 0.118014 -0.309361 0.943593 0.988567 -0.0532026 -0.141082 0.0938468 0.949455 0.299546 
0.574897 0.0967897 -0.812481 -0.00895638 -0.370127 0.928938 0.991377 -0.124744 -0.0401445 0.130738 0.920568 0.368052 
0.488892 -0.784192 -0.382136 0.797693 0.598738 -0.0721082 0.0829436 -0.227359 -0.970272 -0.597333 0.767998 -0.231024 
0.513321 -0.761916 -0.39495 0.771735 0.631326 -0.0765103 0.0662615 -0.199481 -0.977659 -0.632483 0.749423 -0.195779 
0.506907 -0.779107 -0.368833 0.782728 0.613317 -0.105733 0.0665756 -0.251428 -0.965584 -0.618793 0.74875 -0.237631 
0.506964 -0.776083 -0.375077 0.783055 0.613788 -0.10044 0.0730033 -0.251082 -0.965209 -0.617653 0.74848 -0.24142 
0.510884 -0.748028 -0.423618 0.746754 0.655855 -0.110516 -0.00466118 -0.160999 -0.986944 -0.665084 0.737519 -0.11717 
0.517301 -0.742515 -0.425525 0.746374 0.655454 -0.115355 -0.00481009 -0.168012 -0.985773 -0.66551 0.73631 -0.122247 
0.518692 -0.774704 -0.361651 0.767524 0.627268 -0.132066 0.0454295 -0.258734 -0.96488 -0.639408 0.734569 -0.227081 
0.508732 -0.776478 -0.371852 0.780522 0.615317 -0.110325 0.0642247 -0.25448 -0.964943 -0.621821 0.746073 -0.238146 
0.511951 -0.744642 -0.428269 0.75399 0.648673 -0.103547 0.00299078 -0.161022 -0.986946 -0.656879 0.743838 -0.123349 
0.513866 -0.749393 -0.417554 0.754514 0.646459 -0.113135 -0.00526545 -0.166419 -0.986041 -0.656263 0.744577 -0.122161 
0.475416 -0.782081 -0.402902 0.826065 0.563573 0.00122936 0.170821 -0.248303 -0.953502 -0.537063 0.787865 -0.301385 
0.514187 -0.771988 -0.373692 0.794848 0.605785 -0.0352152 0.150743 -0.253338 -0.955561 -0.587786 0.754217 -0.292684 
0.478304 -0.800721 -0.360654 0.841657 0.540012 -0.000756833 0.194873 -0.305034 -0.93219 -0.503625 0.784437 -0.361968 
0.509205 -0.796378 -0.326331 0.809735 0.580253 -0.0873813 0.141681 -0.337836 -0.93048 -0.569435 0.741062 -0.355768 
0.506641 -0.786892 -0.352302 0.810796 0.583831 -0.0418433 0.161778 -0.292224 -0.942567 -0.562527 0.757461 -0.331385 
0.49605 -0.800101 -0.337301 0.825523 0.560504 -0.0659299 0.149825 -0.330283 -0.931915 -0.544117 0.759439 -0.356634 
0.502638 -0.791174 -0.348424 0.811485 0.578686 -0.0813352 0.125449 -0.308447 -0.942933 -0.570749 0.754972 -0.322896 
0.507004 -0.7702 -0.386961 0.789741 0.60951 -0.0693332 0.101202 -0.240927 -0.965252 -0.605035 0.755282 -0.251954 
0.51644 -0.771203 -0.372205 0.7877 0.614893 -0.0378826 0.135952 -0.233476 -0.962811 -0.600871 0.753256 -0.267505 
0.491793 -0.777274 -0.392408 0.812033 0.583499 -0.0114335 0.166996 -0.251084 -0.953451 -0.559209 0.772325 -0.30133 
0.496288 -0.798639 -0.340401 0.823601 0.563592 -0.0636019 0.150808 -0.325713 -0.933364 -0.546752 0.759128 -0.353252 
0.506799 -0.782921 -0.360817 0.802654 0.589575 -0.0902632 0.102531 -0.285473 -0.952886 -0.587566 0.755584 -0.289586 
0.654554 0.755319 0.0324475 0.369152 -0.539171 -0.756982 0.593652 -0.489884 0.638428 -0.715055 -0.685061 0.139238 
0.643308 0.764868 0.0336484 0.399876 -0.534397 -0.744661 0.571676 -0.489635 0.658365 -0.71644 -0.688969 0.109709 
0.672131 0.739487 0.0374005 0.333553 -0.577896 -0.744835 0.573505 -0.50268 0.646842 -0.748221 -0.642922 0.163755 
0.628465 0.776994 0.0362324 0.47452 -0.499998 -0.724454 0.528057 -0.496779 0.688743 -0.704263 -0.709375 0.0282965 
0.64277 0.76492 0.0417738 0.425654 -0.573923 -0.699594 0.50297 -0.492635 0.710163 -0.752224 -0.654158 0.0789739 
0.633148 0.774031 -0.000187325 0.422792 -0.604345 -0.675288 0.502402 -0.463858 0.729677 -0.754214 -0.647768 0.107508 
0.656745 0.754109 0.00249479 0.356296 -0.602723 -0.713988 0.552491 -0.480343 0.681193 -0.75353 -0.637178 0.161854 
0.653178 0.7572 0.00251222 0.342331 -0.614212 -0.711023 0.566693 -0.468638 0.677671 -0.749445 -0.63492 0.18764 
0.648072 0.759921 0.0502339 0.392243 -0.578846 -0.714901 0.52179 -0.500034 0.69116 -0.75755 -0.64413 0.105901 
0.653129 0.756267 0.0385109 0.394775 -0.572467 -0.718634 0.52458 -0.501702 0.687831 -0.7543 -0.648519 0.102245 
0.631234 0.775588 0.00251123 0.42256 -0.606737 -0.673285 0.502384 -0.461497 0.731184 -0.754356 -0.647217 0.109805 
0.63972 0.767249 0.0456924 0.420598 -0.579973 -0.697659 0.500811 -0.492786 0.711583 -0.756495 -0.648686 0.0831921 
0.627215 0.778842 0.00250415 0.452402 -0.551124 -0.701138 0.525887 -0.470097 0.708839 -0.720261 -0.6894 0.0771557 
0.648974 0.76081 0.0012699 0.364842 -0.6204 -0.694258 0.544748 -0.462475 0.699548 -0.755076 -0.63342 0.169231 
0.633729 0.77272 0.0359266 0.453837 -0.51606 -0.726439 0.530144 -0.498885 0.68561 -0.716226 -0.696273 0.0471732 
0.647416 0.760996 0.0416732 0.421309 -0.542064 -0.727094 0.537339 -0.49665 0.68162 -0.730593 -0.677868 0.0820292 
0.511257 -0.750579 -0.418625 0.754103 0.647044 -0.11253 0.00198023 -0.173582 -0.984817 -0.656753 0.742431 -0.13218 
0.514548 -0.744996 -0.424524 0.747293 0.654858 -0.112755 -0.00478962 -0.164373 -0.986387 -0.664477 0.73766 -0.119698 
0.51173 -0.750819 -0.417616 0.755484 0.645516 -0.112036 0.0026579 -0.174022 -0.984738 -0.655161 0.743657 -0.133186 
0.508402 -0.752808 -0.418099 0.758179 0.642527 -0.11101 0.00323747 -0.173957 -0.984748 -0.652038 0.746256 -0.13397 
0.999991 -0.00352098 0.00249998 -0.980859 0.136933 -0.138435 0.185369 0.43903 -0.879142 -0.0596066 -0.887976 -0.45601 
0.998075 -0.0147546 0.0602371 -0.969495 0.24511 0.000607424 0.125821 0.499787 -0.856961 -0.210353 -0.830743 -0.515381 
0.998393 -0.022442 0.0520379 -0.970353 0.241693 -0.000505317 0.122039 0.488158 -0.864181 -0.20862 -0.838622 -0.503182 
0.996258 -0.0238951 0.0830585 -0.957488 0.249517 -0.144767 0.249517 0.464508 -0.84969 -0.144767 -0.84969 -0.50702 
0.999991 0.00328723 0.00250775 -0.968375 0.123697 -0.216678 0.248383 0.395854 -0.884084 -0.0235854 -0.909944 -0.414059 
0.993807 -0.0140639 0.11023 -0.957177 0.254096 -0.138733 0.245905 0.460697 -0.852813 -0.152783 -0.850408 -0.503452 
0.99995 0.00965046 0.00250891 -0.96166 0.104713 -0.253468 0.274237 0.37442 -0.885779 0.00215112 -0.921328 -0.388781 
0.992683 -0.0248691 0.118158 -0.952521 0.278499 -0.12305 0.247667 0.473642 -0.845177 -0.1771 -0.835525 -0.520129 
0.991274 0.0346666 0.12718 -0.955824 0.14219 -0.257258 0.293932 0.468251 -0.833274 0.00197801 -0.872079 -0.48936 
0.995272 -0.0221554 0.0945651 -0.95584 0.258807 -0.139241 0.24821 0.45724 -0.854004 -0.157356 -0.850853 -0.501287 
0.997239 -0.0158107 0.072562 -0.962832 0.267767 -0.0354405 0.165223 0.48008 -0.861525 -0.213673 -0.835359 -0.506477 
0.996173 -0.0181333 0.0855036 -0.960613 0.246464 -0.12837 0.232972 0.462443 -0.855494 -0.151484 -0.851705 -0.501648 
0.996934 -0.0264833 0.0736336 -0.956042 0.293183 -0.00518239 0.155005 0.490297 -0.857661 -0.248911 -0.820763 -0.51419 
0.995484 -0.0301201 0.0900262 -0.956673 0.25465 -0.141173 0.247819 0.457615 -0.853917 -0.152847 -0.851905 -0.500895 
0.943255 -0.0298356 -0.330728 -0.00630428 0.997628 -0.0685496 -0.901927 0.023931 0.431224 0.431842 0.0645453 0.899637 
0.991291 -0.0300997 0.1282 -0.949722 0.291728 -0.11368 0.249653 0.486485 -0.837261 -0.188949 -0.823545 -0.534856 
0.99611 -0.030119 0.0828119 -0.956608 0.254607 -0.141692 0.248758 0.460404 -0.852143 -0.151726 -0.850413 -0.503762 
0.988377 0.0442339 -0.145443 -2.78683e-19 0.959912 -0.280301 -1 -5.80512e-18 -1.88859e-17 -1.9756e-17 0.280301 0.959912 
0.985029 0.0315097 -0.169485 -0.000234772 0.968 -0.25095 -0.998582 0.0131312 0.0515858 0.0532304 0.250606 0.966625 
0.938451 -0.0524146 -0.341414 -0.000978112 0.998119 -0.061306 -0.878583 0.0284214 0.476744 0.477589 0.0543287 0.876902 
0.997166 -0.0349015 -0.0666534 -0.98573 0.161516 -0.047433 0.112425 0.421929 -0.899631 -0.125291 -0.892126 -0.434066 
0.998719 -0.0299616 0.0407664 -0.970743 0.23827 -0.0297721 0.145478 0.484944 -0.86236 -0.191037 -0.841461 -0.505419 
0.99888 -0.0388674 0.026996 -0.968102 0.250558 -0.00024275 0.126248 0.486959 -0.864253 -0.216427 -0.836715 -0.503058 
0.927355 -0.0533674 -0.370356 -0.000915204 0.999638 -0.026905 -0.863791 0.0127658 0.503689 0.50385 0.0237012 0.863466 
0.984825 0.0369468 -0.169569 -0.00130308 0.970843 -0.239714 -0.998333 0.0125708 0.0563386 0.0577093 0.239388 0.969207 
0.998277 -0.0299483 0.0504647 -0.965131 0.261769 -0.00037471 0.136878 0.503442 -0.853118 -0.223131 -0.823422 -0.521718 
0.991529 -0.0577649 0.116332 -0.929538 0.368725 0.000679947 0.199147 0.503592 -0.840676 -0.31032 -0.781305 -0.541538 
0.998864 -0.0357299 0.0315331 -0.968349 0.249592 -0.00210118 0.127365 0.486865 -0.864142 -0.21466 -0.837058 -0.503244 
0.98725 0.0477117 -0.151857 0.0163322 0.967859 -0.250963 -0.999857 0.0168871 5.76126e-05 0.0042938 0.250926 0.967997 
0.987363 0.0479746 -0.151041 0.00662378 0.969652 -0.2444 -0.999978 0.00662378 -0.000821898 0.000821898 0.2444 0.969674 
0.987386 0.0466554 -0.151301 0.00565016 0.967934 -0.25114 -0.999983 0.00583042 -2.62765e-05 0.00143882 0.251136 0.967951 
0.984994 0.0325746 -0.169484 0.000172755 0.967995 -0.250971 -0.998716 0.0128827 0.0490011 0.050666 0.25064 0.966754 
0.928396 -0.0474116 -0.368555 0.0056176 0.999755 -0.0213948 -0.8626 0.0156677 0.505644 0.505855 0.0156146 0.862477 
0.984914 0.0340225 -0.169667 0.011155 0.962145 -0.27231 -0.999829 0.0147491 0.011155 0.0147491 0.272139 0.962145 
0.92907 -0.0539655 -0.365945 -0.00124556 0.999328 -0.0366224 -0.863801 0.0173764 0.503534 0.503832 0.0322617 0.863199 
0.927494 -0.0564957 -0.369545 -0.0012032 0.999373 -0.035376 -0.863799 0.016785 0.503557 0.503835 0.0311637 0.863238 
0.928379 -0.054232 -0.367657 0.000885863 0.999513 -0.0311811 -0.863764 0.0164768 0.503627 0.503895 0.0264869 0.863358 
0.928411 -0.0707841 -0.364749 -0.00257676 0.997085 -0.0762573 -0.864047 0.0361686 0.502111 0.503405 0.0671837 0.861435 
0.929241 -0.0382444 -0.367489 0.00961758 0.99994 -0.0052796 -0.863415 0.0109675 0.504375 0.504402 -0.000292384 0.863469 
0.92543 -0.0483448 -0.375823 0.0108875 0.999909 -0.00795628 -0.856424 0.0134318 0.516099 0.516159 0.00119492 0.856492 
0.910296 -0.37601 0.173141 -0.702304 0.286138 -0.651839 -0.711868 -0.277602 0.645121 0.00364186 0.917094 0.398654 
0.865658 -0.332301 0.37445 -0.565287 0.0342583 -0.824183 -0.752835 -0.429828 0.498485 -0.33718 0.902261 0.268767 
0.86622 -0.333068 0.372463 -0.565788 0.03828 -0.823662 -0.755935 -0.423034 0.499605 -0.329312 0.905305 0.268285 
0.872974 -0.34338 0.346421 -0.571976 0.0725243 -0.817058 -0.763263 -0.411909 0.497755 -0.300454 0.908334 0.290957 
0.870452 -0.316845 0.376726 -0.571657 0.0178552 -0.820299 -0.749764 -0.417444 0.513415 -0.333262 0.908527 0.252022 
0.866474 -0.320549 0.382715 -0.563408 0.0110703 -0.826105 -0.748307 -0.430624 0.504578 -0.350155 0.902464 0.250901 
0.866231 -0.292648 0.40497 -0.553978 -0.0750283 -0.829143 -0.696857 -0.503135 0.511122 -0.45552 0.860945 0.226442 
0.866071 -0.287588 0.408919 -0.549886 -0.0812761 -0.831276 -0.697369 -0.503064 0.510493 -0.459676 0.860419 0.219948 
0.866508 -0.316438 0.386046 -0.570117 9.42219e-05 -0.821564 -0.738514 -0.438187 0.512435 -0.35995 0.898884 0.249887 
0.864797 -0.320185 0.386792 -0.559233 -8.79889e-17 -0.82901 -0.741489 -0.447214 0.500194 -0.370745 0.894427 0.250097 
0.875192 -0.362397 0.320479 -0.580714 0.117356 -0.805604 -0.774719 -0.383736 0.50255 -0.250162 0.915955 0.313759 
0.899964 -0.367136 0.235109 -0.655599 0.231608 -0.718713 -0.75415 -0.248788 0.607752 -0.0380468 0.940459 0.337772 
0.900585 -0.383792 0.204084 -0.685187 0.270528 -0.676264 -0.728366 -0.252876 0.636818 0.001266 0.928907 0.370311 
0.876971 -0.308577 0.368377 -0.593446 -0.00161776 -0.804873 -0.726193 -0.43015 0.536298 -0.347083 0.902756 0.254096 
0.866479 -0.320091 0.383087 -0.572079 0.000855661 -0.820198 -0.73691 -0.439607 0.513527 -0.360125 0.89819 0.25212 
0.88673 -0.390109 0.248041 -0.61529 0.248929 -0.747965 -0.785792 -0.269307 0.55678 -0.0628337 0.930327 0.361308 
0.885655 -0.305966 0.349286 -0.603372 -0.00236668 -0.797456 -0.70931 -0.455415 0.538031 -0.364447 0.890276 0.273106 
0.866477 -0.320237 0.382969 -0.573333 0.00526818 -0.819305 -0.739638 -0.433499 0.514796 -0.352456 0.901139 0.252436 
0.892017 -0.38254 0.240766 -0.65188 0.239492 -0.719511 -0.757478 -0.250403 0.60293 -0.0357707 0.938052 0.344643 
0.888009 -0.336891 0.312962 -0.64732 0.089281 -0.756971 -0.728213 -0.365765 0.579588 -0.225128 0.926415 0.301783 
0.892981 -0.39378 0.217995 -0.659737 0.282477 -0.696386 -0.751495 -0.250257 0.610432 -0.00184265 0.926055 0.377384 
0.894188 -0.302346 0.330174 -0.623961 0.0333715 -0.780743 -0.705209 -0.45449 0.544169 -0.33668 0.890127 0.307118 
0.894722 -0.393164 0.211881 -0.641224 0.298277 -0.707009 -0.767353 -0.250185 0.590404 -0.000779515 0.921107 0.389308 
0.901103 -0.367022 0.230888 -0.656386 0.252977 -0.710746 -0.754425 -0.219993 0.618422 8.7588e-05 0.942128 0.335253 
0.891407 -0.292324 0.346325 -0.632881 -0.000385389 -0.774249 -0.693307 -0.444866 0.566939 -0.344655 0.895597 0.28128 
0.893558 -0.291935 0.34107 -0.659119 0.00335187 -0.752032 -0.67264 -0.449849 0.58753 -0.336331 0.893098 0.298758 
0.895579 -0.308808 0.320275 -0.659593 0.041537 -0.750474 -0.692096 -0.422998 0.584872 -0.293155 0.905178 0.307754 
0.926479 -0.307682 0.216722 -0.712108 0.197007 -0.673862 -0.696012 -0.323913 0.640818 -0.0920269 0.925348 0.367781 
0.912492 -0.354692 0.203842 -0.690556 0.244439 -0.680722 -0.72232 -0.281504 0.631671 -0.0372207 0.927904 0.370957 
0.900956 -0.371256 0.224603 -0.657116 0.271269 -0.703286 -0.753789 -0.237642 0.612641 -0.000939912 0.932705 0.360638 
0.865166 -0.314114 0.390922 -0.539698 -0.0100303 -0.841799 -0.74828 -0.452465 0.485132 -0.38575 0.891726 0.236689 
0.866517 -0.313322 0.388559 -0.542964 -0.00708236 -0.839726 -0.748233 -0.449882 0.487599 -0.381231 0.89306 0.23897 
0.861934 -0.299687 0.40897 -0.531249 -0.0617024 -0.844966 -0.716222 -0.500034 0.486819 -0.452549 0.863805 0.22145 
0.858529 -0.296632 0.418256 -0.523459 -0.071389 -0.849055 -0.717812 -0.499929 0.48458 -0.45906 0.863119 0.210448 
0.871787 -0.326006 0.365659 -0.568642 0.0392789 -0.821647 -0.752972 -0.427004 0.500701 -0.33118 0.903396 0.272388 
0.864748 -0.322653 0.384846 -0.549537 0.00788939 -0.835432 -0.749946 -0.445378 0.4891 -0.368225 0.895308 0.250669 
0.869136 -0.315738 0.380673 -0.553076 5.52762e-06 -0.833131 -0.743061 -0.452255 0.49328 -0.376785 0.891889 0.250135 
0.866501 -0.317536 0.385158 -0.552592 -0.000450068 -0.833452 -0.743338 -0.452009 0.493089 -0.37695 0.892013 0.249442 
0.866476 -0.320387 0.382847 -0.548617 0.0063763 -0.83605 -0.74975 -0.446275 0.488583 -0.369993 0.894873 0.249614 
0.866454 -0.322191 0.381381 -0.549196 0.00924779 -0.835643 -0.750537 -0.445221 0.488336 -0.36753 0.895373 0.251454 
0.874662 -0.363102 0.321129 -0.582431 0.112732 -0.805025 -0.771922 -0.387096 0.504275 -0.254774 0.915122 0.312477 
0.869862 -0.348091 0.349532 -0.57638 0.0577524 -0.815138 -0.751901 -0.428149 0.501331 -0.320048 0.901861 0.290201 
0.870708 -0.347529 0.347981 -0.579131 0.0518009 -0.813587 -0.741111 -0.449238 0.498938 -0.339649 0.891909 0.298558 
0.864675 -0.3078 0.396985 -0.559047 -0.038816 -0.828227 -0.707413 -0.498693 0.500871 -0.432473 0.865909 0.251334 
0.863771 -0.30826 0.398593 -0.548393 -0.0343679 -0.835514 -0.713368 -0.502103 0.488875 -0.436316 0.864125 0.250833 
0.866493 -0.318644 0.384261 -0.550751 0.000698933 -0.834669 -0.743557 -0.454729 0.49025 -0.379206 0.89063 0.250962 
0.855744 -0.338647 0.391179 -0.542651 1.92193e-05 -0.839958 -0.727016 -0.500853 0.469674 -0.420686 0.865533 0.271802 
0.984582 0.0905469 0.149667 0.25338 0.965299 -0.0632135 -0.467349 0.064936 -0.881685 -0.846985 0.252944 0.467586 
0.980144 0.0921886 0.175556 0.166921 0.985953 0.00578128 -0.446188 0.0807656 -0.891287 -0.879235 0.146195 0.453402 
0.980436 0.0879694 0.176086 0.248992 0.967987 -0.0316936 -0.41344 0.0766413 -0.9073 -0.875825 0.239014 0.419288 
0.988779 0.0452174 -0.142378 -0 0.950525 -0.310647 -1 0 0 0 0.310647 0.950525 
0.984521 0.0907056 0.149973 0.249333 0.965865 -0.0702755 -0.472571 0.0580089 -0.879381 -0.845287 0.252469 0.470903 
0.982147 0.0940734 0.162903 0.169105 0.985594 -0.00284464 -0.506379 0.0844062 -0.85817 -0.845567 0.146562 0.513358 
0.511559 -0.841127 0.175535 0.904297 0.424341 -0.0467051 0.346262 -0.793064 -0.50115 -0.249699 0.437016 -0.864099 
0.532831 -0.828236 0.173537 0.898095 0.437146 -0.048261 0.356044 -0.787085 -0.503717 -0.258183 0.435202 -0.86252 
0.974144 0.0808505 0.210967 0.18811 0.982146 -0.00204141 -0.300275 0.0555325 -0.952235 -0.93512 0.179738 0.30536 
0.978589 0.0845452 0.187659 0.250372 0.967677 -0.0302374 -0.363265 0.0649475 -0.929419 -0.897414 0.243685 0.367785 
0.51192 -0.841746 0.171471 0.904512 0.426436 -0.00334755 0.367112 -0.782626 -0.502718 -0.216997 0.453486 -0.864444 
0.516488 -0.83861 0.173128 0.900861 0.434095 -0.00318975 0.373853 -0.779536 -0.502551 -0.220642 0.451537 -0.864542 
0.971328 0.0763726 0.225143 0.189039 0.981969 0.000289225 -0.24635 0.0477101 -0.968006 -0.950566 0.18292 0.250927 
0.971627 0.0758718 0.224018 0.192016 0.981391 -0.000991447 -0.247789 0.047504 -0.967649 -0.949595 0.186049 0.2523 
0.549712 -0.741836 0.384052 0.905029 0.345507 -0.248087 0.25058 -0.904384 -0.345397 -0.343703 0.250429 -0.905071 
0.514159 -0.811147 0.278714 0.919223 0.37875 -0.107595 0.298763 -0.848938 -0.435941 -0.256455 0.368582 -0.89352 
0.550478 -0.77788 0.303112 0.9059 0.365003 -0.214752 0.250318 -0.870538 -0.423681 -0.341594 0.330056 -0.879986 
0.509419 -0.842578 0.174801 0.904452 0.426475 -0.00927929 0.371808 -0.798806 -0.472936 -0.209108 0.424297 -0.881048 
0.513301 -0.840295 0.174432 0.901765 0.431577 -0.0237026 0.366308 -0.792195 -0.488104 -0.229432 0.431473 -0.872463 
0.552086 -0.75695 0.349612 0.905924 0.410624 -0.103393 0.344453 -0.856645 -0.384072 -0.24628 0.312326 -0.917496 
0.54827 -0.748074 0.373879 0.902847 0.350267 -0.249358 0.247868 -0.897894 -0.363796 -0.351323 0.266644 -0.897481 
0.554197 -0.723191 0.412141 0.910783 0.355623 -0.20978 0.272028 -0.899059 -0.343066 -0.310606 0.255392 -0.915586 
0.533887 -0.739997 0.409109 0.922696 0.29844 -0.244063 0.216948 -0.925248 -0.311206 -0.318695 0.2342 -0.918468 
0.552039 -0.758424 0.346476 0.905924 0.344505 -0.246208 0.245771 -0.901276 -0.356788 -0.344817 0.262711 -0.901157 
0.554938 -0.718761 0.418839 0.902284 0.248697 -0.352183 0.141568 -0.942468 -0.30284 -0.407237 0.22339 -0.885582 
0.548473 -0.761309 0.345812 0.910114 0.355843 -0.212294 0.254241 -0.884128 -0.392019 -0.327193 0.302808 -0.895127 
0.561462 -0.717589 0.4121 0.885106 0.250069 -0.392496 0.116991 -0.935845 -0.332426 -0.450445 0.248314 -0.857578 
0.555617 -0.680625 0.477535 0.904972 0.23135 -0.357075 0.142628 -0.955644 -0.257687 -0.400852 0.18227 -0.897828 
0.559008 -0.717921 0.414849 0.917372 0.324618 -0.230328 0.236998 -0.910392 -0.339145 -0.319781 0.256535 -0.912102 
0.55708 -0.736522 0.383664 0.895685 0.28542 -0.341003 0.163315 -0.924382 -0.344741 -0.413613 0.253089 -0.874569 
0.55649 -0.758959 0.338084 0.889872 0.315856 -0.329184 0.170941 -0.899847 -0.401316 -0.422973 0.300849 -0.854742 
0.56297 -0.705414 0.430646 0.888971 0.249817 -0.383825 0.138372 -0.945461 -0.294885 -0.436559 0.209033 -0.875055 
0.99343 0.114413 0.00249043 0.151165 0.96482 -0.215109 -0.860428 0.0212979 -0.509127 -0.486635 0.262048 0.833377 
0.993409 0.114594 0.0025061 0.156973 0.962293 -0.222154 -0.850618 0.017441 -0.525494 -0.501805 0.271456 0.821282 
0.99358 0.113105 0.00248766 0.149944 0.967682 -0.20275 -0.851154 0.0220038 -0.524454 -0.503044 0.251211 0.826946 
0.99331 0.114093 0.0178415 0.142147 0.971034 -0.192061 -0.856291 0.0232966 -0.515968 -0.496548 0.237804 0.834799 
0.992993 0.118168 -0.00145969 0.167867 0.952745 -0.253174 -0.851342 0.0106235 -0.524503 -0.497028 0.303585 0.812895 
0.993976 0.109573 0.00251372 0.170613 0.953918 -0.246843 -0.850504 0.0160765 -0.525723 -0.497528 0.299636 0.814054 
0.988679 0.113107 0.0985914 0.149678 0.986109 -0.072005 -0.663891 0.0462681 -0.746397 -0.732697 0.159522 0.661594 
0.989817 0.118909 0.0782458 0.206262 0.967187 -0.148344 -0.663743 0.0269039 -0.747477 -0.718958 0.252639 0.647513 
0.992297 0.0982014 0.0755162 0.252367 0.955531 -0.152552 -0.658813 0.0542057 -0.750352 -0.708715 0.289867 0.643195 
0.987777 0.11332 0.10703 0.172974 0.982971 -0.0620389 -0.653308 0.0673698 -0.754089 -0.737068 0.170969 0.653835 
0.985136 0.110509 0.131511 0.183851 0.98074 -0.0659388 -0.569619 0.0516305 -0.820286 -0.801083 0.18837 0.56814 
0.984406 0.10143 0.143724 0.19512 0.979523 -0.0496294 -0.500178 0.0558524 -0.864119 -0.843653 0.19343 0.500834 
0.993456 0.11419 0.00248764 0.146454 0.968233 -0.202673 -0.851663 0.0191915 -0.523738 -0.50321 0.249313 0.827419 
0.993464 0.11412 0.00248764 0.163119 0.961079 -0.22298 -0.851767 0.0231295 -0.52341 -0.497881 0.275305 0.822388 
0.992945 0.11855 -0.00241141 0.173231 0.952763 -0.249465 -0.846108 0.0143296 -0.532819 -0.504075 0.303375 0.808623 
0.99133 0.100039 0.0851924 0.263083 0.95315 -0.149306 -0.639361 0.0563512 -0.766839 -0.722499 0.297203 0.624232 
0.990263 0.115196 0.0781662 0.212933 0.966726 -0.141773 -0.661496 0.0358465 -0.749092 -0.719085 0.253289 0.647118 
0.988679 0.0965308 0.114872 0.25387 0.960125 -0.117085 -0.580525 0.0544261 -0.812421 -0.773654 0.27422 0.571194 
0.988578 0.116408 0.0957246 0.217181 0.967184 -0.131864 -0.618804 0.0319411 -0.784896 -0.754927 0.252062 0.605434 
0.993365 0.113581 0.0180358 0.137448 0.972049 -0.19034 -0.853597 0.0187593 -0.520597 -0.502475 0.234029 0.832316 
0.992573 0.11704 0.0331877 0.159843 0.968508 -0.190897 -0.819547 0.0224015 -0.572574 -0.550266 0.247971 0.797319 
0.990876 0.114696 0.0707849 0.152709 0.981662 -0.114105 -0.752392 0.0406221 -0.657461 -0.64077 0.186252 0.744798 
0.992121 0.120186 0.0353712 0.179754 0.965112 -0.190387 -0.778395 0.0212074 -0.627416 -0.601489 0.260977 0.75505 
0.990058 -0.139104 0.0208581 -0.533203 -0.0624316 -0.843681 0.826185 -0.252937 -0.503429 -0.181969 -0.965466 0.186447 
0.973893 -0.222123 0.0468379 -0.456338 -0.0591062 -0.887841 0.80753 -0.446561 -0.38533 -0.3737 -0.892799 0.251513 
0.981955 -0.185853 0.0349624 -0.506436 -0.104268 -0.85595 0.801621 -0.422657 -0.422805 -0.317689 -0.900272 0.297632 
0.993644 0.112541 0.00248767 0.178774 0.951738 -0.24947 -0.845643 0.0190273 -0.533409 -0.502919 0.306322 0.808232 
0.978603 -0.204655 0.0212833 -0.497538 -0.0582269 -0.865485 0.806617 -0.398088 -0.436915 -0.319099 -0.915498 0.245031 
0.983134 -0.180741 0.027917 -0.503847 -0.0380435 -0.862955 0.815144 -0.351481 -0.460437 -0.285795 -0.935422 0.208103 
0.986595 -0.160725 0.0282368 -0.505649 -0.067191 -0.860119 0.829244 -0.312953 -0.46305 -0.238064 -0.947389 0.213962 
0.98651 -0.161431 0.0271471 -0.505829 -0.0637106 -0.860278 0.829664 -0.309007 -0.464944 -0.23621 -0.948923 0.209163 
0.988025 -0.148735 0.0410521 -0.521972 -0.0944489 -0.847717 0.819599 -0.330781 -0.467805 -0.236225 -0.938969 0.250069 
0.985 -0.172535 0.00249276 -0.544151 -0.0558486 -0.837126 0.805125 -0.315372 -0.50231 -0.235953 -0.947323 0.216575 
0.511381 -0.500578 -0.698506 0.271551 0.199148 0.941594 0.960389 -0.11966 -0.251663 0.0625527 0.972636 -0.223753 
0.989098 -0.147237 0.0024963 -0.574539 -0.0506484 -0.816909 0.798001 -0.25652 -0.545337 -0.181933 -0.965211 0.187798 
0.970266 -0.239874 0.032312 -0.459048 -0.0672658 -0.885861 0.800181 -0.464526 -0.379376 -0.385987 -0.883001 0.267064 
0.471266 -0.451087 -0.757911 0.399231 0.13873 0.906294 0.916496 -0.087875 -0.390274 0.0254978 0.986424 -0.162228 
0.508606 -0.490391 -0.707698 0.297547 0.189287 0.935755 0.953823 -0.101104 -0.282841 0.0410707 0.976703 -0.210629 
0.996469 -0.0839279 0.00251134 -0.655655 -0.042478 -0.753865 0.75445 -0.0769801 -0.651827 -0.0303442 -0.996127 0.08252 
0.9976 -0.0687403 -0.00827269 -0.70656 -0.044711 -0.706239 0.707653 -0.0447119 -0.705144 -4.96124e-05 -0.997999 0.0632315 
0.985585 -0.168576 0.0142834 -0.542485 -0.0447186 -0.838874 0.802155 -0.32417 -0.501459 -0.249514 -0.944941 0.211729 
0.988907 -0.148066 0.0118282 -0.55775 -0.0426668 -0.828912 0.803688 -0.277269 -0.526505 -0.207367 -0.959845 0.188937 
0.996777 -0.0800946 0.00445758 -0.646495 -0.0596389 -0.760584 0.762911 -0.0549968 -0.64416 -0.00341264 -0.996704 0.0810543 
0.445594 -0.514049 -0.73294 0.502981 0.185197 0.844223 0.864297 -0.106796 -0.491513 -0.000867498 0.976881 -0.213781 
0.45699 -0.541388 -0.705733 0.50316 0.215542 0.836882 0.864193 -0.125732 -0.487198 0.000211275 0.968366 -0.249533 
0.508414 -0.521339 -0.685362 0.295897 0.217283 0.930179 0.952573 -0.139564 -0.270419 0.0710622 0.96608 -0.248275 
0.996865 -0.0790859 0.00251062 -0.661678 -0.0433627 -0.748534 0.749497 -0.0661022 -0.6587 -0.0209167 -0.99687 0.0762386 
0.996963 -0.0778385 0.00251043 -0.651976 -0.0544153 -0.756285 0.757718 -0.0837739 -0.647183 -0.0281403 -0.994998 0.0958499 
