0.0485501 -0.154457 0.986806 
-0.0625613 -0.986501 -0.151332 
0.99686 -0.0543887 -0.0575578 
-0.00952694 -0.12111 0.992593 
-0.0496341 -0.991358 -0.121436 
0.998722 -0.0504234 0.0034334 
0.643168 -0.758547 -0.104606 
-0.693199 -0.518757 -0.500366 
0.325286 0.394332 -0.859472 
-0.0213665 -0.862493 0.505618 
0.996609 0.0218227 0.0793405 
-0.0794645 0.505599 0.859101 
-0.00206222 -0.112983 0.993595 
-0.0363759 -0.992931 -0.112983 
0.999336 -0.0363759 -0.00206222 
0.018406 -0.134713 0.990714 
-0.0458012 -0.989955 -0.133759 
0.998781 -0.0429139 -0.0243911 
0.00576008 -0.130317 0.991456 
-0.0525741 -0.99014 -0.129839 
0.9986 -0.051377 -0.0125546 
-0.031331 -0.830072 0.556775 
0.998413 9.50525e-05 0.0563246 
-0.0468064 0.557656 0.828752 
-0.179689 -0.0525195 0.98232 
-0.039083 -0.997404 -0.0604752 
0.982947 -0.0492588 0.17717 
-0.0660901 -0.178596 0.9817 
0.0147367 -0.983919 -0.178008 
0.997705 0.00270247 0.0676592 
-0.191477 -0.0606185 0.979623 
0.00586325 -0.998144 -0.0606185 
0.98148 -0.00586325 0.191477 
-0.00122185 -0.862656 0.505789 
0.999393 0.0165585 0.0306559 
-0.0348207 0.505519 0.862112 
-0.00152729 -0.807215 0.590256 
0.999851 0.00892775 0.0147964 
-0.0172136 0.59019 0.807081 
-0.663974 -0.641626 0.383999 
0.564231 -0.0929074 0.820373 
-0.490696 0.76137 0.423713 
-0.685922 -0.637293 0.35124 
0.529934 -0.106693 0.841301 
-0.49868 0.7632 0.410906 
-0.668791 -0.649971 0.360911 
0.548951 -0.104349 0.829315 
-0.50137 0.752761 0.42659 
-0.67698 -0.647846 0.349277 
0.53821 -0.112058 0.835328 
-0.502025 0.753484 0.424538 
-0.0200184 -0.862702 0.505316 
0.996361 0.0246699 0.0815892 
-0.0828532 0.50511 0.859069 
-0.0327246 -0.967275 0.25161 
0.967275 0.0327246 0.25161 
-0.25161 0.25161 0.934551 
-0.00327668 -0.863568 0.504222 
0.999633 0.0107231 0.0248613 
-0.0268763 0.504118 0.863216 
0.000991814 -0.862425 0.506184 
0.999332 0.0193411 0.0309949 
-0.0365209 0.505816 0.861868 
-0.0165366 -0.863067 0.504818 
0.996978 0.0240957 0.073854 
-0.0759049 0.504514 0.860061 
-0.0286184 -0.876008 0.481447 
0.991404 0.0366421 0.125603 
-0.127671 0.480903 0.867429 
-0.028624 -0.967282 0.252083 
0.97499 0.0285873 0.220404 
-0.2204 0.252087 0.942272 
-0.025264 -0.974392 0.223434 
0.967724 0.0322227 0.249945 
-0.250744 0.222537 0.942128 
-0.0286117 -0.967287 0.252067 
0.974572 0.0290712 0.22218 
-0.22224 0.252014 0.941859 
-0.0200946 -0.986675 0.161458 
0.970268 0.019714 0.241229 
-0.241198 0.161505 0.956943 
-0.0327246 -0.967275 0.25161 
0.967275 0.0327246 0.25161 
-0.25161 0.25161 0.934551 
-0.000247059 -0.99843 0.0560204 
0.968 0.0138195 0.250568 
-0.250949 0.0542897 0.966477 
-0.0181213 -0.997521 0.0679977 
0.96213 0.00110308 0.272589 
-0.271988 0.0703623 0.959725 
-0.0318459 -0.96745 0.25105 
0.975294 0.0248579 0.219509 
-0.218605 0.251838 0.942756 
-0.00122073 -0.8638 0.503834 
0.999355 0.0170297 0.031618 
-0.0358917 0.503547 0.863222 
-0.00153506 -0.863812 0.503812 
0.998979 0.0214186 0.039767 
-0.0451422 0.503359 0.862897 
-0.0549131 -0.919187 0.389973 
0.985581 0.0127034 0.168725 
-0.160044 0.393616 0.905236 
-0.000223327 -0.998717 0.0506319 
0.968 0.0124902 0.25064 
-0.250951 0.0490677 0.966755 
-0 -1 0 
0.955303 0 0.29563 
-0.29563 0 0.955303 
-0.0552024 -0.937933 0.342396 
0.967591 0.034378 0.250171 
-0.246415 0.345109 0.905638 
-0.0279054 -0.967632 0.250816 
0.975971 0.0278711 0.21611 
-0.216105 0.25082 0.943604 
0.000114456 -0.999437 0.033556 
0.967996 0.00853213 0.250821 
-0.250966 0.0324533 0.967452 
-0.0511735 -0.913668 0.403227 
0.989795 0.00736589 0.142305 
-0.13299 0.406395 0.903967 
-0.017739 -0.979171 0.20226 
0.967077 0.0345598 0.252125 
-0.253864 0.200074 0.946321 
-0.0327246 -0.967275 0.25161 
0.967275 0.0327246 0.25161 
-0.25161 0.25161 0.934551 
-0.0327246 -0.967275 0.25161 
0.967275 0.0327246 0.25161 
-0.25161 0.25161 0.934551 
-0.0327246 -0.967275 0.25161 
0.967275 0.0327246 0.25161 
-0.25161 0.25161 0.934551 
-0.0327246 -0.967275 0.25161 
0.967275 0.0327246 0.25161 
-0.25161 0.25161 0.934551 
-0.0327246 -0.967275 0.25161 
0.967275 0.0327246 0.25161 
-0.25161 0.25161 0.934551 
0.000241613 -0.997483 0.0709048 
0.967993 0.0180289 0.250331 
-0.250979 0.0685748 0.96556 
-0.0550971 -0.922166 0.382851 
0.965907 0.0479139 0.254416 
-0.252957 0.383816 0.888087 
-0.0444038 -0.926288 0.374192 
0.990344 0.00842558 0.138377 
-0.13133 0.376723 0.916969 
-0.0327246 -0.967275 0.25161 
0.967275 0.0327246 0.25161 
-0.25161 0.25161 0.934551 
-0.0327246 -0.967275 0.25161 
0.967275 0.0327246 0.25161 
-0.25161 0.25161 0.934551 
-0.0327246 -0.967275 0.25161 
0.967275 0.0327246 0.25161 
-0.25161 0.25161 0.934551 
-0.0327246 -0.967275 0.25161 
0.967275 0.0327246 0.25161 
-0.25161 0.25161 0.934551 
-4.56101e-05 -0.999268 0.0382564 
0.967684 0.00960289 0.251984 
-0.252167 0.0370316 0.966975 
4.95245e-19 -1 2.25069e-17 
0.963971 6.46439e-18 0.266007 
-0.266007 2.15643e-17 0.963971 
-0.669257 -0.648704 0.362323 
0.548143 -0.101836 0.830162 
-0.501632 0.754197 0.423737 
-0.67811 -0.647536 0.347654 
0.536837 -0.113324 0.836041 
-0.501969 0.753561 0.424467 
-0.0316318 -0.86284 0.504486 
0.994445 0.0235292 0.102596 
-0.100394 0.504929 0.857303 
-0.0235544 -0.982707 0.183666 
0.955924 0.0316441 0.291906 
-0.292669 0.182446 0.938647 
-0.672504 -0.650715 0.352575 
0.539736 -0.105261 0.835228 
-0.506383 0.751991 0.422003 
-0.669951 -0.680665 0.296413 
0.503697 -0.123429 0.855017 
-0.545394 0.722122 0.42554 
0.00430556 -0.999423 0.033692 
0.949256 0.0146802 0.314161 
-0.314474 0.0306297 0.948772 
-0.0544258 -0.968186 0.244243 
0.966413 0.0104513 0.25678 
-0.251163 0.250015 0.935099 
-0.676719 -0.735475 0.0335836 
0.329107 -0.261381 0.907397 
-0.658589 0.625105 0.418932 
-0.0346344 -0.967268 0.251382 
0.963415 0.0345749 0.265773 
-0.265766 0.25139 0.930684 
-0.00130737 -0.863803 0.503828 
0.99926 0.0182392 0.0338637 
-0.038441 0.5035 0.86314 
-0.00115812 -0.863798 0.503837 
0.999419 0.0161558 0.0299954 
-0.0340499 0.50358 0.863278 
-0.0328615 -0.967364 0.251252 
0.963015 0.03662 0.266947 
-0.267436 0.250732 0.930383 
-0.630276 -0.765884 0.127175 
0.370975 -0.153202 0.915918 
-0.682004 0.624461 0.380684 
-0.0351218 -0.96729 0.251229 
0.962372 0.0350433 0.269465 
-0.269455 0.251239 0.929663 
-0.651462 -0.755179 0.0728088 
0.328815 -0.194557 0.924137 
-0.683723 0.625981 0.375061 
-0.0605251 -0.931078 0.359764 
0.966565 0.0353043 0.253979 
-0.249176 0.363107 0.897811 
-0.665569 -0.745406 0.0372431 
0.329981 -0.249146 0.910516 
-0.669425 0.618301 0.411793 
-0.656386 -0.754425 8.7588e-05 
0.252977 -0.219993 0.942128 
-0.710746 0.618422 0.335253 
-0.68086 -0.732413 0.000322882 
0.252094 -0.233935 0.939001 
-0.687662 0.63941 0.343914 
-0.646281 -0.763099 -0.000470917 
0.294703 -0.250158 0.922264 
-0.703897 0.595903 0.38656 
-0.0424608 -0.961836 0.270312 
0.962303 0.0333774 0.269924 
-0.268645 0.271584 0.92416 
-0.718805 -0.63819 0.27574 
0.452991 -0.129077 0.882122 
-0.52737 0.758981 0.381875 
-0.665784 -0.703084 0.249808 
0.442564 -0.102562 0.890852 
-0.600723 0.703672 0.379444 
0.003426 -0.044603 0.998999 
-0.988275 -0.152644 -0.003426 
0.152644 -0.987274 -0.044603 
-0.635538 -0.758786 0.1426 
0.396355 -0.162149 0.903665 
-0.662566 0.630834 0.4038 
-0.691437 -0.710025 0.133341 
0.356004 -0.174269 0.918091 
-0.628631 0.682272 0.373268 
-0.675017 -0.727778 0.12121 
0.351537 -0.172814 0.920085 
-0.648671 0.663683 0.372493 
0.00471316 -0.0625107 0.998033 
-0.988706 -0.149795 -0.00471316 
0.149795 -0.986739 -0.0625107 
0.00599602 -0.0625731 0.998022 
-0.98182 -0.189717 -0.00599602 
0.189717 -0.979843 -0.0625731 
0.0262999 -0.0236861 0.999373 
-0.967741 -0.251191 0.0195139 
0.250571 -0.967648 -0.0295283 
0.033136 -0.0163917 0.999316 
-0.967536 -0.251181 0.0279621 
0.250551 -0.967801 -0.0241827 
-0.707107 -0.707107 0 
0.251923 -0.251923 0.934382 
-0.660708 0.660708 0.356273 
-0.681146 -0.73214 -0.00326202 
0.28576 -0.269954 0.919492 
-0.674078 0.625377 0.393094 
0.0398265 0.00017571 0.999207 
-0.967229 -0.250955 0.038596 
0.250763 -0.967999 -0.00982472 
0.0356454 0.000157276 0.999364 
-0.967382 -0.250957 0.0345441 
0.250803 -0.967998 -0.0087933 
-0.718514 -0.694379 0.0396994 
0.297996 -0.255775 0.919662 
-0.62844 0.67262 0.3907 
0.0304966 -0.0269698 0.999171 
-0.967194 -0.253022 0.022691 
0.2522 -0.967084 -0.0338013 
0.0153688 -0.0509836 0.998581 
-0.96749 -0.2529 0.00197818 
0.25244 -0.966148 -0.0532129 
0.0414861 0.00427091 0.99913 
-0.978165 -0.203648 0.0414861 
0.203648 -0.979035 -0.00427091 
0.0402511 0.00408719 0.999181 
-0.978778 -0.20093 0.0402511 
0.20093 -0.979597 -0.00408719 
0.107331 0.0372641 0.993525 
-0.961474 -0.250478 0.113263 
0.253077 -0.967405 0.00894436 
0.0470105 0.0135653 0.998802 
-0.96671 -0.251155 0.0489111 
0.251518 -0.967852 0.00130678 
0.0450412 -0.000912789 0.998985 
-0.978175 -0.203088 0.0439174 
0.202841 -0.97916 -0.0100402 
0.0255076 -0.00053404 0.999674 
-0.979065 -0.202022 0.0248738 
0.201943 -0.979381 -0.00567595 
0.0500823 0.0152596 0.998629 
-0.963812 -0.261398 0.0523305 
0.261838 -0.965111 0.00161595 
0.0797302 0.0401473 0.996008 
-0.953246 -0.289111 0.0879607 
0.291488 -0.956453 0.0152194 
0.041408 0.00519919 0.999129 
-0.967006 -0.251368 0.0413848 
0.251364 -0.967878 -0.00538101 
0.10249 0.0269461 0.994369 
-0.962546 -0.249549 0.105972 
0.251 -0.967987 0.000360542 
0.0510363 -0.000785038 0.998696 
-0.965111 -0.257191 0.0491179 
0.256817 -0.96636 -0.0138837 
0.0361646 0.00239783 0.999343 
-0.967352 -0.250922 0.035609 
0.250843 -0.968004 -0.00675495 
0.110372 0.0167105 0.99375 
-0.961385 -0.251825 0.111012 
0.252106 -0.967628 -0.0117293 
0.212295 0.141368 0.966926 
-0.922021 -0.298831 0.246126 
0.323741 -0.943777 0.0669034 
0.115201 0.0267379 0.992982 
-0.960328 -0.252576 0.118214 
0.253965 -0.967207 -0.00342001 
0.0780653 0.0188729 0.99677 
-0.952214 -0.294727 0.0801561 
0.295287 -0.955395 -0.00503688 
0.337563 0.936212 0.0977725 
-0.0696094 -0.0787572 0.994461 
0.938726 -0.342499 0.0385836 
0.234456 0.96538 0.114331 
-0.111891 -0.0900292 0.989634 
0.965666 -0.244818 0.0869099 
0.251385 0.964216 0.0842193 
-0.020837 -0.081602 0.996447 
0.967663 -0.252247 -0.000422151 
0.240296 0.960098 0.143072 
-0.143993 -0.110504 0.983389 
0.95996 -0.256906 0.111694 
0.399193 0.911444 0.0995751 
-0.0423413 -0.0901619 0.995027 
0.915889 -0.401424 0.00259971 
0.0127285 0.996309 0.0848862 
-0.252028 -0.0789557 0.964494 
0.967636 -0.0336703 0.250093 
0.132981 0.988782 0.0680106 
-0.255064 -0.0321668 0.966389 
0.957736 -0.145859 0.247925 
0.0709021 0.99146 0.109453 
-0.244738 -0.0890841 0.965488 
0.966993 -0.0952425 0.236331 
0.144036 0.981057 0.129541 
-0.246439 -0.0912204 0.964856 
0.958395 -0.170898 0.228631 
0.248498 0.96129 0.119037 
-0.0407418 -0.11241 0.992826 
0.967775 -0.251565 0.0112309 
0.245325 0.964511 0.0976479 
-0.114156 -0.0712841 0.990902 
0.962696 -0.25424 0.092617 
0.195796 0.975989 0.0954461 
-0.0344365 -0.0904269 0.995308 
0.98004 -0.198164 0.0159044 
0.238134 0.965524 0.105145 
-0.0391785 -0.0986214 0.994353 
0.970442 -0.240908 0.0143428 
0.0141615 0.996106 0.0870185 
-0.199904 -0.0824498 0.97634 
0.979713 -0.0312217 0.197958 
0.120719 0.988911 0.086494 
-0.204046 -0.0605513 0.977087 
0.97149 -0.135602 0.194474 
0.000329061 0.99525 0.0973483 
-0.250936 -0.0941513 0.963414 
0.968004 -0.0247452 0.249713 
0.125869 0.987922 0.090372 
-0.254646 -0.0558697 0.965419 
0.958808 -0.144529 0.244538 
0.221769 0.971288 0.0861299 
-0.0160427 -0.0846831 0.996279 
0.974967 -0.222325 -0.00319796 
0.227705 0.969271 0.093086 
-0.00744751 -0.093861 0.995557 
0.973702 -0.227386 -0.0141539 
0.251568 0.964532 0.0799491 
0.000257055 -0.0826723 0.996577 
0.96784 -0.250686 -0.0210456 
0.332434 0.939718 0.0801132 
0.00518163 -0.0867629 0.996216 
0.943112 -0.330761 -0.0337122 
0.250719 0.963983 0.0887531 
-0.0133326 -0.0882343 0.996011 
0.967968 -0.250902 -0.00926968 
0.0259296 0.995231 0.0940393 
-0.25211 -0.0845199 0.964001 
0.967351 -0.0487043 0.248716 
0.0594256 0.990359 0.125132 
-0.364129 -0.0952102 0.926469 
0.929451 -0.10062 0.35496 
0.118014 0.988567 0.0938468 
-0.309361 -0.0532026 0.949455 
0.943593 -0.141082 0.299546 
-0.00895638 0.991377 0.130738 
-0.370127 -0.124744 0.920568 
0.928938 -0.0401445 0.368052 
0.797693 0.0829436 -0.597333 
0.598738 -0.227359 0.767998 
-0.0721082 -0.970272 -0.231024 
0.771735 0.0662615 -0.632483 
0.631326 -0.199481 0.749423 
-0.0765103 -0.977659 -0.195779 
0.782728 0.0665756 -0.618793 
0.613317 -0.251428 0.74875 
-0.105733 -0.965584 -0.237631 
0.783055 0.0730033 -0.617653 
0.613788 -0.251082 0.74848 
-0.10044 -0.965209 -0.24142 
0.746754 -0.00466118 -0.665084 
0.655855 -0.160999 0.737519 
-0.110516 -0.986944 -0.11717 
0.746374 -0.00481009 -0.66551 
0.655454 -0.168012 0.73631 
-0.115355 -0.985773 -0.122247 
0.767524 0.0454295 -0.639408 
0.627268 -0.258734 0.734569 
-0.132066 -0.96488 -0.227081 
0.780522 0.0642247 -0.621821 
0.615317 -0.25448 0.746073 
-0.110325 -0.964943 -0.238146 
0.75399 0.00299078 -0.656879 
0.648673 -0.161022 0.743838 
-0.103547 -0.986946 -0.123349 
0.754514 -0.00526545 -0.656263 
0.646459 -0.166419 0.744577 
-0.113135 -0.986041 -0.122161 
0.826065 0.170821 -0.537063 
0.563573 -0.248303 0.787865 
0.00122936 -0.953502 -0.301385 
0.794848 0.150743 -0.587786 
0.605785 -0.253338 0.754217 
-0.0352152 -0.955561 -0.292684 
0.841657 0.194873 -0.503625 
0.540012 -0.305034 0.784437 
-0.000756833 -0.93219 -0.361968 
0.809735 0.141681 -0.569435 
0.580253 -0.337836 0.741062 
-0.0873813 -0.93048 -0.355768 
0.810796 0.161778 -0.562527 
0.583831 -0.292224 0.757461 
-0.0418433 -0.942567 -0.331385 
0.825523 0.149825 -0.544117 
0.560504 -0.330283 0.759439 
-0.0659299 -0.931915 -0.356634 
0.811485 0.125449 -0.570749 
0.578686 -0.308447 0.754972 
-0.0813352 -0.942933 -0.322896 
0.789741 0.101202 -0.605035 
0.60951 -0.240927 0.755282 
-0.0693332 -0.965252 -0.251954 
0.7877 0.135952 -0.600871 
0.614893 -0.233476 0.753256 
-0.0378826 -0.962811 -0.267505 
0.812033 0.166996 -0.559209 
0.583499 -0.251084 0.772325 
-0.0114335 -0.953451 -0.30133 
0.823601 0.150808 -0.546752 
0.563592 -0.325713 0.759128 
-0.0636019 -0.933364 -0.353252 
0.802654 0.102531 -0.587566 
0.589575 -0.285473 0.755584 
-0.0902632 -0.952886 -0.289586 
0.369152 0.593652 -0.715055 
-0.539171 -0.489884 -0.685061 
-0.756982 0.638428 0.139238 
0.399876 0.571676 -0.71644 
-0.534397 -0.489635 -0.688969 
-0.744661 0.658365 0.109709 
0.333553 0.573505 -0.748221 
-0.577896 -0.50268 -0.642922 
-0.744835 0.646842 0.163755 
0.47452 0.528057 -0.704263 
-0.499998 -0.496779 -0.709375 
-0.724454 0.688743 0.0282965 
0.425654 0.50297 -0.752224 
-0.573923 -0.492635 -0.654158 
-0.699594 0.710163 0.0789739 
0.422792 0.502402 -0.754214 
-0.604345 -0.463858 -0.647768 
-0.675288 0.729677 0.107508 
0.356296 0.552491 -0.75353 
-0.602723 -0.480343 -0.637178 
-0.713988 0.681193 0.161854 
0.342331 0.566693 -0.749445 
-0.614212 -0.468638 -0.63492 
-0.711023 0.677671 0.18764 
0.392243 0.52179 -0.75755 
-0.578846 -0.500034 -0.64413 
-0.714901 0.69116 0.105901 
0.394775 0.52458 -0.7543 
-0.572467 -0.501702 -0.648519 
-0.718634 0.687831 0.102245 
0.42256 0.502384 -0.754356 
-0.606737 -0.461497 -0.647217 
-0.673285 0.731184 0.109805 
0.420598 0.500811 -0.756495 
-0.579973 -0.492786 -0.648686 
-0.697659 0.711583 0.0831921 
0.452402 0.525887 -0.720261 
-0.551124 -0.470097 -0.6894 
-0.701138 0.708839 0.0771557 
0.364842 0.544748 -0.755076 
-0.6204 -0.462475 -0.63342 
-0.694258 0.699548 0.169231 
0.453837 0.530144 -0.716226 
-0.51606 -0.498885 -0.696273 
-0.726439 0.68561 0.0471732 
0.421309 0.537339 -0.730593 
-0.542064 -0.49665 -0.677868 
-0.727094 0.68162 0.0820292 
0.754103 0.00198023 -0.656753 
0.647044 -0.173582 0.742431 
-0.11253 -0.984817 -0.13218 
0.747293 -0.00478962 -0.664477 
0.654858 -0.164373 0.73766 
-0.112755 -0.986387 -0.119698 
0.755484 0.0026579 -0.655161 
0.645516 -0.174022 0.743657 
-0.112036 -0.984738 -0.133186 
0.758179 0.00323747 -0.652038 
0.642527 -0.173957 0.746256 
-0.11101 -0.984748 -0.13397 
-0.980859 0.185369 -0.0596066 
0.136933 0.43903 -0.887976 
-0.138435 -0.879142 -0.45601 
-0.969495 0.125821 -0.210353 
0.24511 0.499787 -0.830743 
0.000607424 -0.856961 -0.515381 
-0.970353 0.122039 -0.20862 
0.241693 0.488158 -0.838622 
-0.000505317 -0.864181 -0.503182 
-0.957488 0.249517 -0.144767 
0.249517 0.464508 -0.84969 
-0.144767 -0.84969 -0.50702 
-0.968375 0.248383 -0.0235854 
0.123697 0.395854 -0.909944 
-0.216678 -0.884084 -0.414059 
-0.957177 0.245905 -0.152783 
0.254096 0.460697 -0.850408 
-0.138733 -0.852813 -0.503452 
-0.96166 0.274237 0.00215112 
0.104713 0.37442 -0.921328 
-0.253468 -0.885779 -0.388781 
-0.952521 0.247667 -0.1771 
0.278499 0.473642 -0.835525 
-0.12305 -0.845177 -0.520129 
-0.955824 0.293932 0.00197801 
0.14219 0.468251 -0.872079 
-0.257258 -0.833274 -0.48936 
-0.95584 0.24821 -0.157356 
0.258807 0.45724 -0.850853 
-0.139241 -0.854004 -0.501287 
-0.962832 0.165223 -0.213673 
0.267767 0.48008 -0.835359 
-0.0354405 -0.861525 -0.506477 
-0.960613 0.232972 -0.151484 
0.246464 0.462443 -0.851705 
-0.12837 -0.855494 -0.501648 
-0.956042 0.155005 -0.248911 
0.293183 0.490297 -0.820763 
-0.00518239 -0.857661 -0.51419 
-0.956673 0.247819 -0.152847 
0.25465 0.457615 -0.851905 
-0.141173 -0.853917 -0.500895 
-0.00630428 -0.901927 0.431842 
0.997628 0.023931 0.0645453 
-0.0685496 0.431224 0.899637 
-0.949722 0.249653 -0.188949 
0.291728 0.486485 -0.823545 
-0.11368 -0.837261 -0.534856 
-0.956608 0.248758 -0.151726 
0.254607 0.460404 -0.850413 
-0.141692 -0.852143 -0.503762 
-2.78683e-19 -1 -1.9756e-17 
0.959912 -5.80512e-18 0.280301 
-0.280301 -1.88859e-17 0.959912 
-0.000234772 -0.998582 0.0532304 
0.968 0.0131312 0.250606 
-0.25095 0.0515858 0.966625 
-0.000978112 -0.878583 0.477589 
0.998119 0.0284214 0.0543287 
-0.061306 0.476744 0.876902 
-0.98573 0.112425 -0.125291 
0.161516 0.421929 -0.892126 
-0.047433 -0.899631 -0.434066 
-0.970743 0.145478 -0.191037 
0.23827 0.484944 -0.841461 
-0.0297721 -0.86236 -0.505419 
-0.968102 0.126248 -0.216427 
0.250558 0.486959 -0.836715 
-0.00024275 -0.864253 -0.503058 
-0.000915204 -0.863791 0.50385 
0.999638 0.0127658 0.0237012 
-0.026905 0.503689 0.863466 
-0.00130308 -0.998333 0.0577093 
0.970843 0.0125708 0.239388 
-0.239714 0.0563386 0.969207 
-0.965131 0.136878 -0.223131 
0.261769 0.503442 -0.823422 
-0.00037471 -0.853118 -0.521718 
-0.929538 0.199147 -0.31032 
0.368725 0.503592 -0.781305 
0.000679947 -0.840676 -0.541538 
-0.968349 0.127365 -0.21466 
0.249592 0.486865 -0.837058 
-0.00210118 -0.864142 -0.503244 
0.0163322 -0.999857 0.0042938 
0.967859 0.0168871 0.250926 
-0.250963 5.76126e-05 0.967997 
0.00662378 -0.999978 0.000821898 
0.969652 0.00662378 0.2444 
-0.2444 -0.000821898 0.969674 
0.00565016 -0.999983 0.00143882 
0.967934 0.00583042 0.251136 
-0.25114 -2.62765e-05 0.967951 
0.000172755 -0.998716 0.050666 
0.967995 0.0128827 0.25064 
-0.250971 0.0490011 0.966754 
0.0056176 -0.8626 0.505855 
0.999755 0.0156677 0.0156146 
-0.0213948 0.505644 0.862477 
0.011155 -0.999829 0.0147491 
0.962145 0.0147491 0.272139 
-0.27231 0.011155 0.962145 
-0.00124556 -0.863801 0.503832 
0.999328 0.0173764 0.0322617 
-0.0366224 0.503534 0.863199 
-0.0012032 -0.863799 0.503835 
0.999373 0.016785 0.0311637 
-0.035376 0.503557 0.863238 
0.000885863 -0.863764 0.503895 
0.999513 0.0164768 0.0264869 
-0.0311811 0.503627 0.863358 
-0.00257676 -0.864047 0.503405 
0.997085 0.0361686 0.0671837 
-0.0762573 0.502111 0.861435 
0.00961758 -0.863415 0.504402 
0.99994 0.0109675 -0.000292384 
-0.0052796 0.504375 0.863469 
0.0108875 -0.856424 0.516159 
0.999909 0.0134318 0.00119492 
-0.00795628 0.516099 0.856492 
-0.702304 -0.711868 0.00364186 
0.286138 -0.277602 0.917094 
-0.651839 0.645121 0.398654 
-0.565287 -0.752835 -0.33718 
0.0342583 -0.429828 0.902261 
-0.824183 0.498485 0.268767 
-0.565788 -0.755935 -0.329312 
0.03828 -0.423034 0.905305 
-0.823662 0.499605 0.268285 
-0.571976 -0.763263 -0.300454 
0.0725243 -0.411909 0.908334 
-0.817058 0.497755 0.290957 
-0.571657 -0.749764 -0.333262 
0.0178552 -0.417444 0.908527 
-0.820299 0.513415 0.252022 
-0.563408 -0.748307 -0.350155 
0.0110703 -0.430624 0.902464 
-0.826105 0.504578 0.250901 
-0.553978 -0.696857 -0.45552 
-0.0750283 -0.503135 0.860945 
-0.829143 0.511122 0.226442 
-0.549886 -0.697369 -0.459676 
-0.0812761 -0.503064 0.860419 
-0.831276 0.510493 0.219948 
-0.570117 -0.738514 -0.35995 
9.42219e-05 -0.438187 0.898884 
-0.821564 0.512435 0.249887 
-0.559233 -0.741489 -0.370745 
-8.79889e-17 -0.447214 0.894427 
-0.82901 0.500194 0.250097 
-0.580714 -0.774719 -0.250162 
0.117356 -0.383736 0.915955 
-0.805604 0.50255 0.313759 
-0.655599 -0.75415 -0.0380468 
0.231608 -0.248788 0.940459 
-0.718713 0.607752 0.337772 
-0.685187 -0.728366 0.001266 
0.270528 -0.252876 0.928907 
-0.676264 0.636818 0.370311 
-0.593446 -0.726193 -0.347083 
-0.00161776 -0.43015 0.902756 
-0.804873 0.536298 0.254096 
-0.572079 -0.73691 -0.360125 
0.000855661 -0.439607 0.89819 
-0.820198 0.513527 0.25212 
-0.61529 -0.785792 -0.0628337 
0.248929 -0.269307 0.930327 
-0.747965 0.55678 0.361308 
-0.603372 -0.70931 -0.364447 
-0.00236668 -0.455415 0.890276 
-0.797456 0.538031 0.273106 
-0.573333 -0.739638 -0.352456 
0.00526818 -0.433499 0.901139 
-0.819305 0.514796 0.252436 
-0.65188 -0.757478 -0.0357707 
0.239492 -0.250403 0.938052 
-0.719511 0.60293 0.344643 
-0.64732 -0.728213 -0.225128 
0.089281 -0.365765 0.926415 
-0.756971 0.579588 0.301783 
-0.659737 -0.751495 -0.00184265 
0.282477 -0.250257 0.926055 
-0.696386 0.610432 0.377384 
-0.623961 -0.705209 -0.33668 
0.0333715 -0.45449 0.890127 
-0.780743 0.544169 0.307118 
-0.641224 -0.767353 -0.000779515 
0.298277 -0.250185 0.921107 
-0.707009 0.590404 0.389308 
-0.656386 -0.754425 8.7588e-05 
0.252977 -0.219993 0.942128 
-0.710746 0.618422 0.335253 
-0.632881 -0.693307 -0.344655 
-0.000385389 -0.444866 0.895597 
-0.774249 0.566939 0.28128 
-0.659119 -0.67264 -0.336331 
0.00335187 -0.449849 0.893098 
-0.752032 0.58753 0.298758 
-0.659593 -0.692096 -0.293155 
0.041537 -0.422998 0.905178 
-0.750474 0.584872 0.307754 
-0.712108 -0.696012 -0.0920269 
0.197007 -0.323913 0.925348 
-0.673862 0.640818 0.367781 
-0.690556 -0.72232 -0.0372207 
0.244439 -0.281504 0.927904 
-0.680722 0.631671 0.370957 
-0.657116 -0.753789 -0.000939912 
0.271269 -0.237642 0.932705 
-0.703286 0.612641 0.360638 
-0.539698 -0.74828 -0.38575 
-0.0100303 -0.452465 0.891726 
-0.841799 0.485132 0.236689 
-0.542964 -0.748233 -0.381231 
-0.00708236 -0.449882 0.89306 
-0.839726 0.487599 0.23897 
-0.531249 -0.716222 -0.452549 
-0.0617024 -0.500034 0.863805 
-0.844966 0.486819 0.22145 
-0.523459 -0.717812 -0.45906 
-0.071389 -0.499929 0.863119 
-0.849055 0.48458 0.210448 
-0.568642 -0.752972 -0.33118 
0.0392789 -0.427004 0.903396 
-0.821647 0.500701 0.272388 
-0.549537 -0.749946 -0.368225 
0.00788939 -0.445378 0.895308 
-0.835432 0.4891 0.250669 
-0.553076 -0.743061 -0.376785 
5.52762e-06 -0.452255 0.891889 
-0.833131 0.49328 0.250135 
-0.552592 -0.743338 -0.37695 
-0.000450068 -0.452009 0.892013 
-0.833452 0.493089 0.249442 
-0.548617 -0.74975 -0.369993 
0.0063763 -0.446275 0.894873 
-0.83605 0.488583 0.249614 
-0.549196 -0.750537 -0.36753 
0.00924779 -0.445221 0.895373 
-0.835643 0.488336 0.251454 
-0.582431 -0.771922 -0.254774 
0.112732 -0.387096 0.915122 
-0.805025 0.504275 0.312477 
-0.57638 -0.751901 -0.320048 
0.0577524 -0.428149 0.901861 
-0.815138 0.501331 0.290201 
-0.579131 -0.741111 -0.339649 
0.0518009 -0.449238 0.891909 
-0.813587 0.498938 0.298558 
-0.559047 -0.707413 -0.432473 
-0.038816 -0.498693 0.865909 
-0.828227 0.500871 0.251334 
-0.548393 -0.713368 -0.436316 
-0.0343679 -0.502103 0.864125 
-0.835514 0.488875 0.250833 
-0.550751 -0.743557 -0.379206 
0.000698933 -0.454729 0.89063 
-0.834669 0.49025 0.250962 
-0.542651 -0.727016 -0.420686 
1.92193e-05 -0.500853 0.865533 
-0.839958 0.469674 0.271802 
0.25338 -0.467349 -0.846985 
0.965299 0.064936 0.252944 
-0.0632135 -0.881685 0.467586 
0.166921 -0.446188 -0.879235 
0.985953 0.0807656 0.146195 
0.00578128 -0.891287 0.453402 
0.248992 -0.41344 -0.875825 
0.967987 0.0766413 0.239014 
-0.0316936 -0.9073 0.419288 
-0 -1 0 
0.950525 0 0.310647 
-0.310647 0 0.950525 
0.249333 -0.472571 -0.845287 
0.965865 0.0580089 0.252469 
-0.0702755 -0.879381 0.470903 
0.169105 -0.506379 -0.845567 
0.985594 0.0844062 0.146562 
-0.00284464 -0.85817 0.513358 
0.904297 0.346262 -0.249699 
0.424341 -0.793064 0.437016 
-0.0467051 -0.50115 -0.864099 
0.898095 0.356044 -0.258183 
0.437146 -0.787085 0.435202 
-0.048261 -0.503717 -0.86252 
0.18811 -0.300275 -0.93512 
0.982146 0.0555325 0.179738 
-0.00204141 -0.952235 0.30536 
0.250372 -0.363265 -0.897414 
0.967677 0.0649475 0.243685 
-0.0302374 -0.929419 0.367785 
0.904512 0.367112 -0.216997 
0.426436 -0.782626 0.453486 
-0.00334755 -0.502718 -0.864444 
0.900861 0.373853 -0.220642 
0.434095 -0.779536 0.451537 
-0.00318975 -0.502551 -0.864542 
0.189039 -0.24635 -0.950566 
0.981969 0.0477101 0.18292 
0.000289225 -0.968006 0.250927 
0.192016 -0.247789 -0.949595 
0.981391 0.047504 0.186049 
-0.000991447 -0.967649 0.2523 
0.905029 0.25058 -0.343703 
0.345507 -0.904384 0.250429 
-0.248087 -0.345397 -0.905071 
0.919223 0.298763 -0.256455 
0.37875 -0.848938 0.368582 
-0.107595 -0.435941 -0.89352 
0.9059 0.250318 -0.341594 
0.365003 -0.870538 0.330056 
-0.214752 -0.423681 -0.879986 
0.904452 0.371808 -0.209108 
0.426475 -0.798806 0.424297 
-0.00927929 -0.472936 -0.881048 
0.901765 0.366308 -0.229432 
0.431577 -0.792195 0.431473 
-0.0237026 -0.488104 -0.872463 
0.905924 0.344453 -0.24628 
0.410624 -0.856645 0.312326 
-0.103393 -0.384072 -0.917496 
0.902847 0.247868 -0.351323 
0.350267 -0.897894 0.266644 
-0.249358 -0.363796 -0.897481 
0.910783 0.272028 -0.310606 
0.355623 -0.899059 0.255392 
-0.20978 -0.343066 -0.915586 
0.922696 0.216948 -0.318695 
0.29844 -0.925248 0.2342 
-0.244063 -0.311206 -0.918468 
0.905924 0.245771 -0.344817 
0.344505 -0.901276 0.262711 
-0.246208 -0.356788 -0.901157 
0.902284 0.141568 -0.407237 
0.248697 -0.942468 0.22339 
-0.352183 -0.30284 -0.885582 
0.910114 0.254241 -0.327193 
0.355843 -0.884128 0.302808 
-0.212294 -0.392019 -0.895127 
0.885106 0.116991 -0.450445 
0.250069 -0.935845 0.248314 
-0.392496 -0.332426 -0.857578 
0.904972 0.142628 -0.400852 
0.23135 -0.955644 0.18227 
-0.357075 -0.257687 -0.897828 
0.917372 0.236998 -0.319781 
0.324618 -0.910392 0.256535 
-0.230328 -0.339145 -0.912102 
0.895685 0.163315 -0.413613 
0.28542 -0.924382 0.253089 
-0.341003 -0.344741 -0.874569 
0.889872 0.170941 -0.422973 
0.315856 -0.899847 0.300849 
-0.329184 -0.401316 -0.854742 
0.888971 0.138372 -0.436559 
0.249817 -0.945461 0.209033 
-0.383825 -0.294885 -0.875055 
0.151165 -0.860428 -0.486635 
0.96482 0.0212979 0.262048 
-0.215109 -0.509127 0.833377 
0.156973 -0.850618 -0.501805 
0.962293 0.017441 0.271456 
-0.222154 -0.525494 0.821282 
0.149944 -0.851154 -0.503044 
0.967682 0.0220038 0.251211 
-0.20275 -0.524454 0.826946 
0.142147 -0.856291 -0.496548 
0.971034 0.0232966 0.237804 
-0.192061 -0.515968 0.834799 
0.167867 -0.851342 -0.497028 
0.952745 0.0106235 0.303585 
-0.253174 -0.524503 0.812895 
0.170613 -0.850504 -0.497528 
0.953918 0.0160765 0.299636 
-0.246843 -0.525723 0.814054 
0.149678 -0.663891 -0.732697 
0.986109 0.0462681 0.159522 
-0.072005 -0.746397 0.661594 
0.206262 -0.663743 -0.718958 
0.967187 0.0269039 0.252639 
-0.148344 -0.747477 0.647513 
0.252367 -0.658813 -0.708715 
0.955531 0.0542057 0.289867 
-0.152552 -0.750352 0.643195 
0.172974 -0.653308 -0.737068 
0.982971 0.0673698 0.170969 
-0.0620389 -0.754089 0.653835 
0.183851 -0.569619 -0.801083 
0.98074 0.0516305 0.18837 
-0.0659388 -0.820286 0.56814 
0.19512 -0.500178 -0.843653 
0.979523 0.0558524 0.19343 
-0.0496294 -0.864119 0.500834 
0.146454 -0.851663 -0.50321 
0.968233 0.0191915 0.249313 
-0.202673 -0.523738 0.827419 
0.163119 -0.851767 -0.497881 
0.961079 0.0231295 0.275305 
-0.22298 -0.52341 0.822388 
0.173231 -0.846108 -0.504075 
0.952763 0.0143296 0.303375 
-0.249465 -0.532819 0.808623 
0.263083 -0.639361 -0.722499 
0.95315 0.0563512 0.297203 
-0.149306 -0.766839 0.624232 
0.212933 -0.661496 -0.719085 
0.966726 0.0358465 0.253289 
-0.141773 -0.749092 0.647118 
0.25387 -0.580525 -0.773654 
0.960125 0.0544261 0.27422 
-0.117085 -0.812421 0.571194 
0.217181 -0.618804 -0.754927 
0.967184 0.0319411 0.252062 
-0.131864 -0.784896 0.605434 
0.137448 -0.853597 -0.502475 
0.972049 0.0187593 0.234029 
-0.19034 -0.520597 0.832316 
0.159843 -0.819547 -0.550266 
0.968508 0.0224015 0.247971 
-0.190897 -0.572574 0.797319 
0.152709 -0.752392 -0.64077 
0.981662 0.0406221 0.186252 
-0.114105 -0.657461 0.744798 
0.179754 -0.778395 -0.601489 
0.965112 0.0212074 0.260977 
-0.190387 -0.627416 0.75505 
-0.533203 0.826185 -0.181969 
-0.0624316 -0.252937 -0.965466 
-0.843681 -0.503429 0.186447 
-0.456338 0.80753 -0.3737 
-0.0591062 -0.446561 -0.892799 
-0.887841 -0.38533 0.251513 
-0.506436 0.801621 -0.317689 
-0.104268 -0.422657 -0.900272 
-0.85595 -0.422805 0.297632 
0.178774 -0.845643 -0.502919 
0.951738 0.0190273 0.306322 
-0.24947 -0.533409 0.808232 
-0.497538 0.806617 -0.319099 
-0.0582269 -0.398088 -0.915498 
-0.865485 -0.436915 0.245031 
-0.503847 0.815144 -0.285795 
-0.0380435 -0.351481 -0.935422 
-0.862955 -0.460437 0.208103 
-0.505649 0.829244 -0.238064 
-0.067191 -0.312953 -0.947389 
-0.860119 -0.46305 0.213962 
-0.505829 0.829664 -0.23621 
-0.0637106 -0.309007 -0.948923 
-0.860278 -0.464944 0.209163 
-0.521972 0.819599 -0.236225 
-0.0944489 -0.330781 -0.938969 
-0.847717 -0.467805 0.250069 
-0.544151 0.805125 -0.235953 
-0.0558486 -0.315372 -0.947323 
-0.837126 -0.50231 0.216575 
0.271551 0.960389 0.0625527 
0.199148 -0.11966 0.972636 
0.941594 -0.251663 -0.223753 
-0.574539 0.798001 -0.181933 
-0.0506484 -0.25652 -0.965211 
-0.816909 -0.545337 0.187798 
-0.459048 0.800181 -0.385987 
-0.0672658 -0.464526 -0.883001 
-0.885861 -0.379376 0.267064 
0.399231 0.916496 0.0254978 
0.13873 -0.087875 0.986424 
0.906294 -0.390274 -0.162228 
0.297547 0.953823 0.0410707 
0.189287 -0.101104 0.976703 
0.935755 -0.282841 -0.210629 
-0.655655 0.75445 -0.0303442 
-0.042478 -0.0769801 -0.996127 
-0.753865 -0.651827 0.08252 
-0.70656 0.707653 -4.96124e-05 
-0.044711 -0.0447119 -0.997999 
-0.706239 -0.705144 0.0632315 
-0.542485 0.802155 -0.249514 
-0.0447186 -0.32417 -0.944941 
-0.838874 -0.501459 0.211729 
-0.55775 0.803688 -0.207367 
-0.0426668 -0.277269 -0.959845 
-0.828912 -0.526505 0.188937 
-0.646495 0.762911 -0.00341264 
-0.0596389 -0.0549968 -0.996704 
-0.760584 -0.64416 0.0810543 
0.502981 0.864297 -0.000867498 
0.185197 -0.106796 0.976881 
0.844223 -0.491513 -0.213781 
0.50316 0.864193 0.000211275 
0.215542 -0.125732 0.968366 
0.836882 -0.487198 -0.249533 
0.295897 0.952573 0.0710622 
0.217283 -0.139564 0.96608 
0.930179 -0.270419 -0.248275 
-0.661678 0.749497 -0.0209167 
-0.0433627 -0.0661022 -0.99687 
-0.748534 -0.6587 0.0762386 
-0.651976 0.757718 -0.0281403 
-0.0544153 -0.0837739 -0.994998 
-0.756285 -0.647183 0.0958499 
0.436313 0.882223 0.176956 
0.108755 -0.246927 0.962912 
0.893198 -0.400886 -0.203684 
0.502971 0.854722 0.128336 
0.180442 -0.249055 0.951532 
0.845258 -0.455436 -0.279495 
0.502403 0.855263 0.126952 
0.200348 -0.257984 0.945148 
0.841102 -0.449411 -0.300962 
0.540379 0.841421 0.00104742 
0.375908 -0.24253 0.894356 
0.752784 -0.482898 -0.447354 
0.321083 0.945815 0.0483639 
0.379327 -0.17523 0.908519 
0.867765 -0.273364 -0.415036 
0.446394 0.894833 0.00235544 
0.392381 -0.198107 0.898215 
0.80422 -0.400034 -0.439549 
0.50369 0.863325 0.0310807 
0.323471 -0.221839 0.919866 
0.801038 -0.453274 -0.390999 
0.503058 0.864253 0.00024275 
0.216427 -0.126248 0.968102 
0.836715 -0.486959 -0.250558 
-0.654234 0.756287 -0.00278427 
-0.0475431 -0.0448012 -0.997864 
-0.754797 -0.652704 0.0652667 
-0.707684 0.706494 -0.00703616 
-0.0312284 -0.041227 -0.998662 
-0.705838 -0.706517 0.0512384 
-0.655123 0.755516 -0.00309325 
-0.0617394 -0.057615 -0.996428 
-0.752995 -0.652592 0.08439 
0.890252 0.426734 -0.159213 
0.446945 -0.751173 0.485777 
0.0877011 -0.503623 -0.859461 
0.883482 0.428609 -0.189088 
0.464696 -0.750713 0.469562 
0.0593079 -0.502718 -0.862414 
0.496501 0.85678 0.139337 
0.155179 -0.245542 0.956885 
0.854053 -0.453472 -0.254867 
0.256245 0.960503 0.108504 
0.400125 -0.207584 0.892641 
0.879908 -0.185319 -0.437514 
0.257878 0.960548 0.104148 
0.40018 -0.204301 0.893374 
0.879406 -0.188703 -0.437077 
0.875673 0.463668 -0.134937 
0.463668 -0.72922 0.503239 
0.134937 -0.503239 -0.853547 
0.905329 0.367882 -0.21223 
0.424709 -0.78326 0.454011 
0.000791561 -0.501165 -0.865351 
0.894177 0.389917 -0.220029 
0.447714 -0.779373 0.438327 
-0.000572926 -0.490452 -0.871468 
0.907745 0.3828 -0.171649 
0.41815 -0.792512 0.44393 
0.0339026 -0.474751 -0.879467 
0.900295 0.376903 -0.217746 
0.43528 -0.779067 0.451206 
0.000422287 -0.500998 -0.865448 
0.307575 0.942704 0.129254 
0.390053 -0.248815 0.886538 
0.867903 -0.22226 -0.444234 
0.0800272 -0.955395 -0.284283 
0.963838 0.00144043 0.266485 
-0.254189 -0.295329 0.920961 
0.0823642 -0.964299 -0.25168 
0.951705 0.0011588 0.307012 
-0.29576 -0.264812 0.917824 
0.603825 0.78789 0.120933 
0.335151 -0.388593 0.858294 
0.723235 -0.477728 -0.498705 
0.390027 0.920784 0.00593745 
0.327664 -0.144813 0.93363 
0.860532 -0.362196 -0.358189 
0.388581 0.921413 0.00194917 
0.318986 -0.136508 0.937877 
0.864438 -0.363819 -0.346962 
0.0923674 -0.939512 -0.329825 
0.949046 -0.017163 0.314669 
-0.301296 -0.342085 0.890055 
0.50038 0.862548 0.0750424 
0.293951 -0.25077 0.922338 
0.814379 -0.43946 -0.379027 
0.361992 0.923053 0.130137 
0.308977 -0.250523 0.917481 
0.879486 -0.291912 -0.375889 
0.504521 0.85866 0.0903418 
0.284771 -0.26427 0.921448 
0.815085 -0.439163 -0.377851 
0.0141261 -0.998242 -0.0575545 
0.970291 -0.000218824 0.241942 
-0.241529 -0.0592622 0.968582 
0.559233 0.82901 3.85424e-16 
0.370745 -0.250097 0.894427 
0.741489 -0.500194 -0.447214 
0.455332 0.889488 0.0385092 
0.209965 -0.149314 0.96624 
0.865209 -0.431875 -0.254748 
0.302937 0.951433 0.054811 
0.223958 -0.126975 0.966292 
0.926322 -0.28045 -0.251547 
0.304373 0.947607 0.0969478 
0.306146 -0.193693 0.932072 
0.902015 -0.254017 -0.349061 
0.280025 0.954605 0.10156 
0.327088 -0.194337 0.924796 
0.902552 -0.225747 -0.366659 
0.50294 0.858955 0.0961654 
0.25032 -0.251247 0.934994 
0.82728 -0.446174 -0.341376 
0.524436 0.851448 -0.00191939 
0.252957 -0.153651 0.955198 
0.813007 -0.501426 -0.29596 
0.501298 0.862114 0.073893 
0.32735 -0.268009 0.906098 
0.800964 -0.430036 -0.416565 
0.417614 0.900314 0.122609 
0.375688 -0.293956 0.878891 
0.827319 -0.320974 -0.460997 
0.558106 0.829327 0.0271079 
0.324788 -0.248399 0.912585 
0.763564 -0.500515 -0.407988 
0.020212 -0.996638 -0.0793948 
0.967992 -0.000362785 0.250981 
-0.250166 -0.0819264 0.96473 
0.502383 0.85606 0.121546 
0.249476 -0.278108 0.927587 
0.827873 -0.435681 -0.353283 
-1.67983e-15 -1 4.4594e-15 
0.964244 -4.37956e-16 0.265016 
-0.265016 4.74513e-15 0.964244 
-0 -1 0 
0.948082 0 0.318026 
-0.318026 0 0.948082 
0.3727 0.927952 0.000847917 
0.611213 -0.246173 0.752208 
0.698221 -0.27983 -0.658925 
0.330229 0.929644 0.163435 
0.306733 -0.269442 0.912861 
0.892673 -0.251322 -0.37413 
0.28996 0.944252 0.155922 
0.318241 -0.248782 0.914784 
0.902577 -0.21563 -0.372637 
0.225312 0.956088 0.187432 
0.318317 -0.25406 0.913306 
0.920819 -0.146116 -0.361582 
0.00584662 -0.999983 2.57949e-05 
0.967981 0.00566599 0.250959 
-0.250955 -0.00144229 0.967998 
0.683954 0.728982 0.0281505 
0.466927 -0.467082 0.750876 
0.560523 -0.50042 -0.659843 
0.254275 0.960956 0.109123 
0.321812 -0.190471 0.927447 
0.91202 -0.200709 -0.35768 
0.502476 0.864591 -0.000864022 
0.250086 -0.144386 0.957397 
0.827632 -0.481286 -0.288773 
0.312029 0.94857 0.053412 
0.253755 -0.137384 0.957462 
0.915558 -0.285202 -0.283572 
0.134067 -0.884261 -0.447335 
0.966033 0.0159848 0.257924 
-0.220921 -0.46672 0.856368 
0.085913 -0.967391 -0.238271 
0.965405 0.0217351 0.259849 
-0.246197 -0.252353 0.935791 
0.150888 -0.866101 -0.476552 
0.962953 0.019781 0.268945 
-0.223506 -0.499478 0.836999 
0.302113 0.948102 0.099145 
0.530346 -0.25359 0.808965 
0.792124 -0.191818 -0.579436 
0.466319 0.883511 0.044225 
0.563336 -0.335133 0.755208 
0.682055 -0.327254 -0.653992 
0.4663 0.884626 0.000247699 
0.582136 -0.307064 0.752881 
0.666094 -0.350924 -0.658157 
0.646996 0.762144 0.0230697 
0.49101 -0.439592 0.752109 
0.583357 -0.475284 -0.658635 
0.513476 0.858104 0.00053381 
0.250571 -0.150532 0.956323 
0.820705 -0.490915 -0.292311 
0.0104506 -0.999945 -3.40699e-05 
0.967858 0.0101067 0.251294 
-0.25128 -0.00265916 0.967911 
0.259342 0.963043 0.0727355 
0.251975 -0.140175 0.957528 
0.932336 -0.23 -0.279016 
0.240765 0.966156 0.0926038 
0.25118 -0.154184 0.955582 
0.937518 -0.206811 -0.279801 
0.341914 0.939731 0.000450005 
0.57792 -0.210649 0.788438 
0.741015 -0.269318 -0.615114 
0.338909 0.940713 0.0141473 
0.528572 -0.202824 0.824302 
0.778301 -0.271885 -0.565973 
0.685824 0.726621 0.040829 
0.450963 -0.468336 0.759798 
0.571207 -0.502676 -0.648875 
0.00714789 -0.999974 0.000884988 
0.969779 0.00714789 0.24388 
-0.24388 -0.000884988 0.969805 
0.00654972 -0.999979 -2.23466e-05 
0.967976 0.0063345 0.250962 
-0.250957 -0.00166536 0.967997 
0.141862 -0.863206 -0.484511 
0.967632 0.017722 0.251743 
-0.208719 -0.504541 0.837779 
0.152106 -0.871273 -0.466633 
0.956481 0.0108092 0.291596 
-0.249016 -0.490679 0.835 
0.0821261 -0.967933 -0.237403 
0.964471 0.0171719 0.263631 
-0.251101 -0.25062 0.934954 
0.341404 0.938648 0.0488256 
0.575458 -0.249813 0.778744 
0.743163 -0.237769 -0.625439 
0.143548 -0.879771 -0.453206 
0.957867 0.00839977 0.287089 
-0.248765 -0.475323 0.84391 
0.503984 0.86335 0.0250169 
0.556806 -0.346907 0.754733 
0.660278 -0.366444 -0.655555 
0.503697 0.86388 -0.000228944 
0.568825 -0.331462 0.75271 
0.650175 -0.379268 -0.658353 
0.278625 0.959505 0.0414561 
0.532045 -0.190146 0.82509 
0.79956 -0.207834 -0.563479 
0.392876 0.917956 0.0548236 
0.527846 -0.273928 0.803954 
0.753012 -0.286916 -0.592159 
0.148389 -0.863856 -0.481386 
0.968027 0.0273301 0.249353 
-0.202249 -0.502996 0.840292 
0.086321 -0.96741 -0.238049 
0.967508 0.024404 0.251661 
-0.23765 -0.252038 0.938083 
0.591156 0.806553 0.00275956 
0.482567 -0.356431 0.800053 
0.646269 -0.471625 -0.599922 
0.429382 0.901297 0.0574028 
0.536267 -0.30559 0.786786 
0.726669 -0.307049 -0.614551 
0.382992 0.923154 0.0332226 
0.532721 -0.250108 0.808489 
0.754669 -0.291947 -0.587573 
0.862038 0.486144 -0.143369 
0.457089 -0.623441 0.634343 
0.219 -0.61236 -0.759641 
0.0175139 -0.999815 0.00791871 
0.961579 0.0190132 0.27387 
-0.27397 0.00281793 0.961734 
0.6757 0.734741 0.0598838 
0.424195 -0.453971 0.783562 
0.6029 -0.50405 -0.618421 
0.292686 0.956157 0.0099766 
0.606882 -0.193813 0.770799 
0.738938 -0.219547 -0.637001 
0.267852 0.960848 0.0708951 
0.000175654 -0.0736325 0.997285 
0.96346 -0.267113 -0.0198914 
0.256099 0.963632 0.0763348 
0.0499042 -0.0920432 0.994504 
0.965361 -0.250882 -0.0716614 
0.183114 0.981317 0.0590463 
0.540168 -0.150615 0.82797 
0.821394 -0.119718 -0.557656 
0.318877 0.940996 0.113333 
0.504194 -0.269666 0.820407 
0.802562 -0.204467 -0.560435 
0.852542 0.507276 -0.125872 
0.455627 -0.603332 0.654518 
0.256078 -0.615355 -0.745495 
0.252686 0.963214 0.0914849 
-0.000484251 -0.0944274 0.995532 
0.967548 -0.251601 -0.023394 
0.256044 0.964806 0.0599312 
0.0834929 -0.0838387 0.992975 
0.963053 -0.249241 -0.102021 
0.500971 0.865462 0.00194116 
0.432731 -0.252426 0.865462 
0.749515 -0.432731 -0.500971 
0.478662 0.877946 0.0097013 
0.443944 -0.251544 0.860023 
0.757494 -0.407353 -0.510163 
0.498717 0.859586 0.111323 
0.0883444 -0.178176 0.980025 
0.862251 -0.47892 -0.164799 
0.859092 0.498391 -0.11648 
0.452313 -0.63278 0.628493 
0.239529 -0.592618 -0.769044 
0.878961 0.438206 -0.188159 
0.459036 -0.67045 0.582909 
0.129282 -0.598726 -0.790451 
0.500971 0.865462 0.00194116 
0.432731 -0.252426 0.865462 
0.749515 -0.432731 -0.500971 
0.488993 0.872136 0.0162507 
0.43056 -0.257527 0.865042 
0.75862 -0.416003 -0.501435 
0.355892 0.929995 0.0919216 
0.486461 -0.268343 0.831473 
0.797933 -0.251198 -0.547908 
0.345236 0.935055 0.0805263 
