0.44220 -0.71349 -0.54349 0.63511 0.32844 0.69912 0.77200 -0.29979 -0.56048 0.02551 0.89568 -0.44396
0.44304 -0.55862 -0.70118 0.50869 0.19564 0.83843 0.85813 -0.19398 -0.47538 0.06964 0.96130 -0.26656
0.45873 -0.37348 -0.80627 0.36886 0.04071 0.92859 0.92434 -0.12101 -0.36187 0.09764 0.99182 -0.08226
0.48548 -0.20082 -0.85087 0.23622 -0.10202 0.96633 0.96558 -0.08677 -0.24520 0.10887 0.99099 0.07801
0.53400 0.00617 -0.84546 0.06369 -0.27329 0.95982 0.99251 -0.08308 -0.08951 0.10421 0.95834 0.26596
0.58591 0.16150 -0.79412 -0.08561 -0.40409 0.91070 0.99292 -0.11015 0.04447 0.08235 0.90806 0.41066
0.67980 0.34806 -0.64555 -0.31663 -0.57096 0.75746 0.94852 -0.19669 0.24823 0.00726 0.79707 0.60385
0.99161 -0.12702 0.02387 -0.35749 -0.16356 0.91948 0.21648 -0.97224 -0.08878 0.90848 0.16732 0.38298
0.95810 -0.28404 -0.03701 -0.25104 -0.04950 0.96671 -0.00311 -0.99860 -0.05194 0.96797 -0.01605 0.25054
0.87008 -0.45112 -0.19863 -0.10238 -0.02089 0.99453 -0.14189 -0.98925 -0.03539 0.98457 -0.14474 0.09832
0.96809 0.23677 -0.08205 0.10831 0.51243 0.85187 -0.75690 -0.51304 0.40485 0.64450 -0.68863 0.33229
0.86333 0.00564 -0.50462 0.19129 0.94376 0.26969 -0.72704 -0.04835 0.68489 0.65941 -0.32709 0.67690
0.95587 -0.04700 -0.29001 -0.04045 0.98334 -0.17723 -0.93223 0.02670 0.36088 0.35960 0.17982 0.91562
0.99358 0.07967 -0.08036 0.08587 0.95890 -0.27044 -0.97058 0.01922 -0.24002 -0.22495 0.28309 0.93234
0.99373 0.11179 0.00361 0.16065 0.96366 -0.21341 -0.85701 0.02893 -0.51449 -0.48962 0.26555 0.83051
0.98913 0.11667 0.08947 0.20059 0.97272 -0.11656 -0.67007 0.04943 -0.74065 -0.71468 0.22667 0.66170
0.91778 -0.11118 0.38121 0.09950 0.98180 0.16176 0.27949 0.12844 -0.95152 -0.95498 0.13989 -0.26163
0.80327 -0.29601 0.51686 0.34748 0.92498 0.15386 0.66116 -0.12533 -0.73970 -0.66492 0.35876 -0.65511
0.48461 -0.87393 -0.03728 0.85342 0.46931 0.22675 0.50572 -0.64030 -0.57816 -0.12615 0.60809 -0.78378
0.47789 -0.78110 -0.40188 0.82671 0.56254 0.00998 0.16845 -0.23055 -0.95837 -0.53682 0.79398 -0.28536
0.53506 -0.74960 -0.38964 0.27545 0.49043 0.82681 0.95835 -0.20762 -0.19612 0.07548 0.84639 -0.52719
0.99537 -0.05120 0.08138 -0.94430 0.32769 0.03021 0.14843 0.50605 -0.84964 -0.29371 -0.79783 -0.52650
0.99852 0.03120 0.04448 -0.96765 0.09460 -0.23390 0.25192 0.41371 -0.87486 0.01401 -0.90548 -0.42415
0.99963 0.02618 -0.00772 -0.90145 -0.01159 -0.43273 0.41397 0.26924 -0.86957 0.12658 -0.96300 -0.23790
0.99890 -0.04156 -0.02165 -0.76831 -0.03805 -0.63895 0.63707 0.05115 -0.76910 0.06195 -0.99797 -0.01506
0.85577 -0.33468 0.39453 -0.26216 -0.30512 -0.91552 0.07533 -0.95228 0.29580 -0.96208 0.00858 0.27263
0.82508 -0.31893 0.46640 -0.26031 -0.30659 -0.91556 -0.22675 -0.90231 0.36662 -0.93852 0.30304 0.16536
0.83229 -0.28275 0.47682 -0.38298 -0.26629 -0.88454 -0.47582 -0.76388 0.43598 -0.79178 0.58786 0.16584
0.85438 -0.29420 0.42835 -0.51268 -0.12857 -0.84890 -0.65189 -0.58515 0.48233 -0.55874 0.80067 0.21618
0.90317 -0.41844 0.09581 -0.68156 0.42741 -0.59397 -0.70213 -0.15329 0.69536 0.20616 0.89097 0.40457
0.89138 -0.07983 -0.44618 -0.77275 0.12448 0.62238 -0.53047 0.41176 -0.74099 -0.34850 -0.90275 -0.25216
0.78110 0.06880 -0.62060 -0.54161 -0.17380 0.82247 -0.83193 0.25122 -0.49475 -0.12063 -0.95220 -0.28065
0.66753 0.73832 -0.09638 -0.27464 -0.90213 0.33276 -0.84838 0.06446 -0.52545 0.45258 -0.42662 -0.78305
0.70796 0.68587 -0.16844 -0.38944 -0.89771 0.20604 -0.66755 0.12097 -0.73467 0.63460 -0.42366 -0.64637
0.71913 0.63388 -0.28468 -0.36875 -0.92364 0.10451 -0.44345 0.07600 -0.89307 0.81693 -0.37566 -0.43761
0.68942 0.59366 -0.41506 -0.21058 -0.97190 0.10520 -0.25124 -0.05020 -0.96662 0.94474 -0.22998 -0.23361
0.52185 0.81072 0.26534 0.74461 -0.62076 0.24539 -0.65448 -0.60671 0.45117 -0.13119 -0.49655 -0.85804
0.53985 0.67884 0.49773 0.87289 -0.48741 -0.02223 -0.42692 -0.78502 0.44886 -0.23623 -0.38232 -0.89332
0.48912 0.69623 -0.52538 0.77717 -0.21503 0.59141 -0.62858 -0.22082 0.74574 -0.02977 -0.95132 -0.30678
0.63611 0.77145 0.01496 0.40400 -0.57037 -0.71517 0.54680 -0.47619 0.68866 -0.73334 -0.66927 0.11950
