0.625993 -0.0159747 -0.779665 
0.779502 -0.0161119 0.626192 
-0.0225652 -0.999743 0.00236639 
0.322593 -0.19815 -0.925565 
-0.0331964 -0.979609 0.19815 
-0.945955 -0.0331964 -0.322593 
0.647171 -0.215358 -0.731294 
0.656139 -0.331048 0.678151 
-0.388139 -0.91871 -0.0729402 
0.627536 -0.0161177 -0.77842 
0.778199 -0.0185929 0.627743 
-0.0245909 -0.999697 0.00087503 
0.509774 -0.127327 -0.850834 
-0.0760827 -0.991784 0.102836 
-0.856937 0.0123109 -0.515273 
0.60208 -0.285678 -0.745579 
0.692055 -0.278984 0.665754 
-0.398196 -0.916818 0.0297346 
0.537477 -0.149453 -0.829929 
0.812675 -0.17093 0.557084 
-0.225117 -0.973882 0.0295859 
0.536645 -0.176651 -0.82511 
0.800062 -0.204241 0.564081 
-0.268167 -0.96285 0.0317263 
0.536787 -0.160934 -0.828227 
0.801513 -0.209318 0.560146 
-0.26351 -0.964513 0.0166318 
0.513335 -0.107956 -0.851371 
0.814408 -0.251534 0.522943 
-0.270604 -0.961809 -0.0412015 
0.656481 -0.069067 -0.751174 
-0.0384409 -0.997569 0.0581268 
-0.753362 -0.00928336 -0.65754 
-0.554727 -0.0683643 -0.829219 
-0.497236 -0.771833 0.396271 
-0.667109 0.63214 0.394163 
-0.403707 -0.0790177 -0.911469 
-0.495113 -0.818899 0.290288 
-0.76934 0.568472 0.291473 
0.538547 -0.0514214 -0.841025 
0.798101 -0.288935 0.528726 
-0.270189 -0.955967 -0.114565 
-0.476468 0.663806 -0.576489 
-0.190766 -0.718139 -0.669243 
-0.858246 -0.208899 0.468802 
0.303372 0.457306 0.835964 
-0.652629 -0.539515 0.531976 
0.694291 -0.706962 0.134777 
-0.605879 0.366206 0.70626 
-0.249115 -0.930441 0.268739 
0.755547 -0.0131166 0.654963 
0.511559 -0.0976524 -0.853681 
0.81821 -0.248014 0.518673 
-0.262375 -0.963822 -0.0469737 
-0.477967 0.876782 -0.0529163 
-0.153949 -0.142929 -0.977686 
-0.864782 -0.459156 0.203295 
-0.63065 0.776034 -0.00720387 
-0.106717 -0.0959111 -0.989653 
-0.768695 -0.623355 0.143302 
-0.537036 0.842626 -0.0396728 
-0.0998334 -0.110186 -0.988884 
-0.837631 -0.527106 0.143296 
0.415734 -0.201456 -0.886894 
0.84843 -0.265368 0.457982 
-0.327616 -0.942866 0.0605986 
-0.359098 -0.876028 -0.321906 
0.165163 -0.399116 0.901902 
-0.918569 0.270704 0.28801 
-0.415012 0.426853 0.803469 
-0.32642 -0.894174 0.306437 
0.849244 -0.135093 0.510426 
-0.287658 0.558849 0.777779 
-0.50716 -0.777779 0.371278 
0.812429 -0.287658 0.50716 
-0.520617 0.846287 -0.112944 
0.0297892 -0.1142 -0.993011 
-0.85327 -0.520343 0.0342441 
-0.0076056 -0.0813092 -0.99666 
-0.185146 -0.979341 0.0813092 
-0.982682 0.185146 -0.0076056 
-0.181612 -0.159617 -0.97033 
-0.101524 -0.978423 0.17995 
-0.978116 0.131193 0.161489 
-0.240688 0.466108 -0.851359 
0.0125641 -0.875575 -0.482918 
-0.970521 -0.126929 0.204884 
0.248143 -0.111491 -0.962286 
-0.00738474 -0.993544 0.113208 
-0.968695 -0.0209857 -0.247364 
0.105696 -0.209964 -0.971979 
-0.179159 -0.96548 0.189078 
-0.978126 0.154154 -0.139664 
0.709983 0 -0.704218 
0.704218 0 0.709983 
0 -1 0 
-0.528231 0.760861 -0.376911 
0.0847597 -0.394428 -0.91501 
-0.84486 -0.515283 0.143858 
0.610654 -0.0623748 -0.789437 
0.790312 -0.0150559 0.61252 
-0.0500915 -0.997939 0.0401016 
-0.707107 0.707107 0 
-0 0 -1 
-0.707107 -0.707107 0 
-0.350421 0.114525 0.929564 
-0.184892 -0.981423 0.0512153 
0.918161 -0.153922 0.365086 
-0.389298 0.340742 0.85577 
-0.21577 -0.936947 0.274908 
0.895483 -0.0776287 0.438274 
-0.344664 0.777685 -0.52575 
-0.0112692 -0.563455 -0.82607 
-0.938659 -0.278792 0.202966 
-0.313389 0.460575 0.830457 
-0.496212 -0.825046 0.270319 
0.809667 -0.327367 0.487103 
-0.53739 0.836766 -0.105048 
-0.0134329 -0.13304 -0.99102 
-0.843227 -0.531153 0.0827347 
-0.503664 0.748168 -0.431934 
-0.00732842 -0.503664 -0.863868 
-0.863868 -0.431934 0.259161 
-0.314423 0.528528 -0.78854 
0.00457242 -0.829817 -0.558018 
-0.949272 -0.179059 0.258497 
0.450547 0.892753 1.11022e-16 
-5.00207e-17 -9.91155e-17 1 
0.892753 -0.450547 3.14625e-33 
0.197496 0.959126 -0.202664 
0.0457376 0.197496 0.979236 
0.979236 -0.202664 -0.00486363 
-0.345497 0.874931 -0.339304 
0.062524 -0.339304 -0.938597 
-0.936335 -0.345497 0.062524 
-0.447214 0.779007 -0.439486 
1.42368e-16 -0.49136 -0.870957 
-0.894427 -0.389504 0.219743 
-2.75136e-17 -3.65702e-18 -1 
0.991282 0.131758 -2.77556e-17 
0.131758 -0.991282 3.91848e-34 
0.497223 -0.122699 -0.858903 
0.164864 -0.958552 0.232375 
-0.851815 -0.257144 -0.456385 
-0.169226 0.378556 -0.909977 
-0.0444847 -0.925286 -0.376652 
-0.984573 -0.0232595 0.173423 
-0.5152 0.494419 -0.700085 
-0.296072 -0.869218 -0.395982 
-0.804307 0.00326544 0.594205 
0.62441 -0.0984197 -0.774871 
0.0241619 -0.989122 0.145103 
-0.780723 -0.109326 -0.615239 
0.686784 -0.121769 -0.716589 
0.0537673 -0.974656 0.217153 
-0.72487 -0.187666 -0.662831 
-0.317464 0.400158 -0.859704 
-0.133108 -0.91643 -0.377409 
-0.938882 -0.00538066 0.344198 
-0.340172 0.432497 -0.835002 
-0.153216 -0.901583 -0.404564 
-0.927797 -0.00968586 0.372959 
0.499596 -0.132851 -0.85601 
0.230031 -0.932347 0.278953 
-0.835158 -0.336273 -0.435237 
0.558623 -0.0882617 -0.824712 
0.0996568 -0.979976 0.172381 
-0.823413 -0.178484 -0.538641 
-0.542783 0.719295 -0.433591 
-0.225173 -0.621987 -0.749953 
-0.809126 -0.309428 0.49957 
0.858542 -0.00916284 -0.512662 
0.109806 -0.973358 0.201286 
-0.500848 -0.229106 -0.834663 
-0.515132 0.495865 -0.699112 
-0.297492 -0.868392 -0.396729 
-0.803827 0.00361249 0.594852 
-0.208341 0.522686 -0.826676 
-0.089 -0.851849 -0.516172 
-0.973999 -0.0339653 0.223994 
-0.261365 0.526626 -0.808921 
-0.0817146 -0.847115 -0.525089 
-0.961775 -0.0711391 0.264439 
-0.510152 0.38891 -0.767133 
-0.549461 -0.83356 -0.0571886 
-0.661693 0.392335 0.638933 
-0.535298 0.279575 -0.797053 
-0.398172 -0.915732 -0.0537919 
-0.744926 0.28857 0.601509 
0.370339 -0.132342 -0.919421 
0.132016 -0.972253 0.193122 
-0.919468 -0.192899 -0.342592 
0.319741 -0.153546 -0.934981 
0.150559 -0.966011 0.21013 
-0.935467 -0.207957 -0.285755 
-0.223543 0.707107 -0.670842 
-0.223543 -0.707107 -0.670842 
-0.948713 -6.07618e-16 0.316138 
-0.323016 0.681316 -0.656863 
-0.115654 -0.717286 -0.687114 
-0.9393 -0.14598 0.310492 
0.82262 0.00880695 -0.568523 
0.197826 -0.941844 0.271653 
-0.533068 -0.335936 -0.776521 
-0.438844 0.511762 -0.73859 
-0.263287 -0.859125 -0.438844 
-0.859125 0.00187642 0.511762 
-0.433389 0.543502 -0.718874 
-0.283076 -0.839404 -0.46397 
-0.855594 0.00241641 0.517641 
-0.502883 0.68943 -0.52134 
-0.220838 -0.685619 -0.693655 
-0.835667 -0.233696 0.497038 
-0.598424 0.800016 -0.043166 
-0.0668032 -0.103515 -0.992382 
-0.79839 -0.590981 0.11539 
-0.448159 0.480864 -0.753607 
-0.244468 -0.876794 -0.414086 
-0.859877 -0.00134389 0.510499 
-0.438844 0.511762 -0.73859 
-0.263287 -0.859125 -0.438844 
-0.859125 0.00187642 0.511762 
-0.232829 0.889882 -0.392302 
-0.15915 -0.432814 -0.887323 
-0.959407 -0.144159 0.242396 
-0.249031 0.899896 -0.358009 
-0.0973828 -0.391048 -0.915204 
-0.963587 -0.19305 0.185018 
-0.748018 -0.571332 0.337713 
0.529027 -0.20603 0.823214 
-0.400749 0.794438 0.456364 
-0.62228 -0.643214 0.446142 
0.643214 -0.0953208 0.75973 
-0.446142 0.75973 0.473041 
-0.690273 -0.568396 0.447715 
0.642219 -0.196282 0.740964 
-0.333282 0.798999 0.500523 
-0.763249 -0.534934 0.36235 
0.523769 -0.183898 0.831774 
-0.378308 0.824638 0.420541 
-0.52098 0.843372 -0.131544 
-0.0816155 -0.202623 -0.97585 
-0.849658 -0.497662 0.174395 
-0.648878 -0.621874 0.43844 
0.653069 -0.159484 0.740314 
-0.390458 0.766706 0.509613 
-0.628008 -0.645478 0.4347 
0.651645 -0.130833 0.747156 
-0.425399 0.75249 0.502787 
0.858605 -0.00942403 -0.512551 
0.113026 -0.971747 0.207203 
-0.500022 -0.235837 -0.833282 
-0.849487 0.113145 -0.515336 
-0.360469 -0.837694 0.410281 
-0.385272 0.534291 0.752395 
-0.888693 -0.207468 -0.408878 
-0.142399 -0.722781 0.676247 
-0.435829 0.6592 0.612787 
-0.838757 0.177928 -0.514615 
-0.409125 -0.829594 0.379989 
-0.359311 0.52926 0.768622 
-0.759368 0.0850948 -0.645073 
-0.39143 -0.85169 0.348434 
-0.519752 0.517091 0.680055 
-0.550678 -0.665331 0.504072 
0.736832 -0.103707 0.668074 
-0.392214 0.73931 0.547346 
-0.66107 -0.542796 0.518034 
0.680611 -0.143173 0.71852 
-0.315841 0.827571 0.46408 
-0.700539 -0.500787 0.508387 
0.61958 -0.073359 0.781498 
-0.354069 0.862456 0.361669 
-0.566611 -0.194068 -0.800806 
-0.222687 -0.899638 0.375582 
-0.793324 0.391138 0.466528 
-0.526594 0.126474 -0.840656 
-0.296678 -0.95404 0.0423089 
-0.796669 0.271684 0.539914 
-0.523282 0.0777222 -0.848608 
-0.285965 -0.954102 0.088952 
-0.802745 0.289219 0.52149 
-0.411438 0.562813 -0.71691 
-0.273136 -0.826557 -0.492138 
-0.869549 -0.00667016 0.493801 
-0.438559 0.602231 -0.667071 
-0.247443 -0.794487 -0.554583 
-0.863966 -0.0781558 0.497447 
-0.501996 0.773644 -0.38662 
-0.11329 -0.501996 -0.857418 
-0.857418 -0.38662 0.339646 
-0.781903 -0.550092 0.293302 
0.509735 -0.293302 0.808792 
-0.358884 0.781903 0.509735 
-0.642003 -0.547784 0.536437 
0.704096 -0.144319 0.695285 
-0.303447 0.824078 0.478346 
-0.639931 -0.543315 0.543412 
0.706732 -0.13849 0.693794 
-0.301692 0.828027 0.472602 
-0.550975 0.827492 -0.108091 
-0.0407702 -0.156061 -0.986906 
-0.833525 -0.539353 0.119722 
-0.369099 0.786201 -0.495636 
-0.074784 -0.556686 -0.82735 
-0.926377 -0.268308 0.264267 
-0.38926 0.763979 -0.5146 
-0.208906 -0.617326 -0.758463 
-0.897126 -0.187736 0.3999 
-0.781028 0.00125033 -0.624495 
-0.362321 -0.815393 0.451506 
-0.508644 0.578907 0.637297 
-0.588171 0.0737496 -0.805367 
-0.443517 -0.862141 0.244958 
-0.676275 0.501272 0.539796 
-0.494223 0.28537 -0.821162 
-0.494736 -0.869033 -0.0042453 
-0.714828 0.40416 0.570679 
-0.514496 0.157003 -0.842997 
-0.514496 -0.842997 0.157003 
-0.685994 0.514496 0.514496 
-0.191253 -0.748327 0.63516 
0.960283 -0.00870567 0.278894 
-0.203174 0.663273 0.72027 
-0.211385 -0.795231 0.568264 
0.966692 -0.0842645 0.241674 
-0.144302 0.600422 0.786556 
-0.739165 0.190756 -0.645947 
-0.508356 -0.787138 0.349267 
-0.441825 0.586537 0.678797 
-0.634417 -0.368472 0.679517 
0.759401 -0.132986 0.636887 
-0.144309 0.920078 0.364187 
-0.703002 -0.285261 0.651471 
0.703326 -0.143034 0.696329 
-0.105453 0.947717 0.301184 
-0.622467 -0.694851 0.360163 
0.571288 -0.0888554 0.815926 
-0.534944 0.713644 0.452269 
-0.638892 -0.67933 0.361009 
0.574349 -0.109009 0.81132 
-0.511801 0.725691 0.459817 
-0.673626 -0.365521 -0.642357 
-0.154215 -0.780492 0.605846 
-0.722804 0.507175 0.469391 
-0.510891 0.740154 -0.437221 
-0.260336 -0.617936 -0.741876 
-0.819277 -0.265193 0.508387 
-0.149146 0.535716 -0.831122 
-0.111036 -0.844281 -0.524272 
-0.982561 0.0140911 0.185405 
-0.272628 0.548195 -0.790668 
-0.14319 -0.835764 -0.530089 
-0.951405 -0.0313011 0.306349 
-0.671388 -0.560255 0.485131 
0.593331 -0.0141102 0.804835 
-0.444068 0.8282 0.34189 
-0.661893 -0.612136 0.432651 
0.557489 -0.0161496 0.830028 
-0.501102 0.790588 0.351948 
-0.760927 0.225129 -0.608529 
-0.459292 -0.849354 0.260093 
-0.458302 0.477404 0.749696 
-0.624055 -0.673914 0.395469 
0.541137 -0.0076409 0.840899 
-0.563672 0.738771 0.369448 
-0.641112 -0.696737 0.321765 
0.588011 -0.17653 0.789354 
-0.493171 0.695266 0.522864 
-0.667563 -0.395261 0.630974 
0.706958 -0.0706083 0.703722 
-0.233602 0.915851 0.326569 
-0.650034 -0.376469 0.660096 
0.726078 -0.0514125 0.685688 
-0.224203 0.925002 0.306765 
-0.645075 -0.485904 0.589725 
0.714472 -0.109899 0.690979 
-0.270939 0.867075 0.418058 
-0.515132 0.495865 -0.699112 
-0.297492 -0.868392 -0.396729 
-0.803827 0.00361249 0.594852 
-0.0419858 -0.855017 0.516898 
0.997707 -0.00838956 0.0671628 
-0.0530888 0.518532 0.853409 
-0.647831 -0.351306 0.675943 
0.742808 -0.0944997 0.662801 
-0.16897 0.931479 0.322173 
-0.675495 -0.396342 0.621787 
0.703526 -0.0938996 0.704439 
-0.220813 0.913288 0.342265 
0.00116115 -0.71812 0.695918 
0.999999 0.00162896 1.24117e-05 
-0.00114253 0.695917 0.718121 
-0.601787 -0.74176 0.296049 
0.542882 -0.108041 0.83283 
-0.585774 0.661906 0.467706 
-0.102332 -0.858402 0.502667 
0.976909 0.00855405 0.213485 
-0.187556 0.512906 0.837705 
-0.00645933 -0.858003 0.513603 
0.987038 0.0768938 0.140869 
-0.160359 0.507856 0.846385 
0 -0.723635 0.690182 
1 0 0 
0 0.690182 0.723635 
-0.380045 -0.82141 0.425266 
0.84102 -0.11548 0.528536 
-0.385035 0.558524 0.73471 
-0.0078293 -0.85967 0.51079 
0.979214 0.0969422 0.178165 
-0.20268 0.501568 0.841041 
0 -0.723926 0.689877 
1 0 0 
0 0.689877 0.723926 
0 -0.860835 0.508884 
1 0 0 
0 0.508884 0.860835 
0 -0.860835 0.508884 
1 0 0 
0 0.508884 0.860835 
-0.748688 -0.473207 0.464264 
0.608418 -0.212399 0.764666 
-0.263236 0.854963 0.446928 
-0.741854 -0.428639 0.515676 
0.618904 -0.141694 0.772581 
-0.25809 0.892296 0.370402 
-0.0916313 -0.96194 0.257439 
0.967468 -0.0247764 0.251776 
-0.235815 0.272134 0.932917 
-0.416982 -0.801695 0.428266 
0.805622 -0.107835 0.582533 
-0.420831 0.587926 0.690828 
-0.263378 -0.936912 0.229843 
0.848329 -0.1115 0.517596 
-0.459314 0.331306 0.824176 
-0.139996 -0.832322 0.536321 
0.974526 -0.0199735 0.223383 
-0.175214 0.553932 0.813916 
-0.107239 -0.841984 0.528737 
0.964472 0.0410436 0.260976 
-0.241439 0.537939 0.807669 
0 -0.857946 0.513739 
1 0 0 
0 0.513739 0.857946 
0 -0.884004 0.46748 
1 0 0 
0 0.46748 0.884004 
0.0771425 -0.00422567 0.997011 
-0.109064 -0.994026 0.00422567 
0.991037 -0.109064 -0.0771425 
0.718406 -4.22931e-17 -0.695624 
0.695624 -4.0952e-17 0.718406 
-5.88708e-17 -1 -1.68199e-33 
0.00240793 -0.854583 0.519309 
0.996296 0.0466904 0.0722149 
-0.0859604 0.517212 0.85153 
-0.75586 -0.453242 0.472492 
0.602986 -0.200698 0.772094 
-0.255117 0.8685 0.424997 
-0.480065 -0.777572 0.406103 
0.716151 -0.0800309 0.693342 
-0.506623 0.62368 0.595279 
-0.177077 -0.967736 0.179248 
0.897895 -0.0842687 0.432068 
-0.403023 0.237455 0.883848 
-0.162115 -0.695401 0.700098 
0.974339 -0.000538189 0.225084 
-0.156147 0.718622 0.677643 
-0.128815 -0.707107 0.695275 
0.983267 -4.2686e-17 0.182172 
-0.128815 0.707107 0.695275 
-0.0197944 -0.924895 0.379707 
0.97665 0.063373 0.205278 
-0.213924 0.374904 0.902044 
0.163848 -0.00425007 0.986476 
-0.0214111 -0.99977 -0.000751089 
0.986253 -0.0209985 -0.163901 
0.669722 -0.00536821 -0.742592 
0.73887 0.105077 0.665605 
0.0744565 -0.99445 0.074339 
-0.0356522 -0.952443 0.302623 
0.973272 0.0356522 0.22687 
-0.22687 0.302623 0.925716 
-0.288356 -0.896733 0.335741 
0.857742 -0.0860603 0.506825 
-0.425593 0.434125 0.793981 
-0.120117 -0.953707 0.275708 
0.851903 0.0435764 0.521883 
-0.509738 0.297563 0.807232 
0.510189 -0.0282071 -0.8596 
0.851652 0.155998 0.500353 
0.119982 -0.987355 0.103611 
-0.36001 -0.900502 0.243905 
0.743741 -0.119182 0.657757 
-0.563242 0.418201 0.712647 
-0.0793295 -0.959523 0.270227 
0.946445 0.0126094 0.322618 
-0.312967 0.281348 0.907136 
-0.0240575 -0.937298 0.347698 
0.972585 0.058525 0.225061 
-0.231298 0.343581 0.910194 
-0.0364351 -0.854554 0.518082 
0.980898 0.0685463 0.182048 
-0.191082 0.514819 0.835733 
-0.0123424 -0.851531 0.524158 
0.99472 0.0429537 0.0932039 
-0.101881 0.522541 0.846505 
-0.170813 -0.949729 0.26237 
0.78444 0.0300508 0.619477 
-0.596219 0.311628 0.739872 
0.383398 -0.0930003 -0.918889 
-0.0182473 -0.995486 0.0931392 
-0.923403 -0.0189421 -0.383364 
0.516051 -0.144665 -0.844253 
-0.0627534 -0.989371 0.131173 
-0.854256 -0.0147124 -0.519644 
0.296153 -0.411727 -0.861843 
0.945163 -0.00375171 0.326577 
-0.137694 -0.911299 0.388038 
-0.690119 0.188255 -0.698782 
0.698627 0.425243 -0.575403 
0.18883 -0.885284 -0.424989 
-0.136639 -0.942512 0.304959 
0.913989 -0.00122428 0.405736 
-0.382038 0.334169 0.861614 
0.00522588 -0.996394 -0.0846908 
0.957875 -0.0193308 0.286535 
-0.287138 -0.0826206 0.954319 
-0 0 -1 
0.99195 0.126632 0 
0.126632 -0.99195 -0 
0.348061 -0.157939 -0.924072 
0.928161 0.196634 0.315993 
0.131796 -0.967673 0.215034 
0.600069 -0.0518354 -0.798267 
0.0199387 -0.996619 0.0797036 
-0.7997 -0.0637441 -0.597007 
0.611746 0.0404372 -0.79002 
0.787363 0.0652311 0.613028 
0.076323 -0.997051 0.00806613 
0.691677 0.0228754 -0.721845 
0.719964 0.0568833 0.691677 
0.0568833 -0.998119 0.0228754 
0.712447 0.115019 -0.692236 
0.669966 0.181927 0.719755 
0.208722 -0.976562 0.052555 
0.523337 -0.096822 -0.846607 
-0.00908057 -0.994101 0.108077 
-0.852077 -0.048873 -0.52113 
0.437026 0.899449 0 
0 0 1 
0.899449 -0.437026 0 
-0 -1 0 
0.973689 0 0.227881 
-0.227881 0 0.973689 
0.193988 0.321801 0.926721 
-0.742419 -0.569325 0.353105 
0.641235 -0.756514 0.128469 
0.0554239 0.005593 -0.998447 
0.978301 0.199637 0.0554239 
0.199637 -0.979854 0.005593 
0.19163 2.03702e-05 -0.981467 
0.981312 -0.0177875 0.1916 
-0.017454 -0.999842 -0.00342862 
-0.226398 0.681545 0.695874 
-0.514063 -0.690429 0.508967 
0.827335 -0.242494 0.506669 
-0.167485 0.625988 0.761635 
-0.415898 -0.745303 0.521108 
0.893856 -0.229485 0.385174 
0.210996 0.836605 0.505543 
-0.356675 -0.415632 0.836679 
0.91009 -0.356851 0.210699 
-0.946678 0.0346313 -0.320316 
0.291757 0.513901 -0.806711 
0.136673 -0.85715 -0.496603 
-0.968009 -0.000897079 -0.250916 
0.223854 0.448662 -0.865212 
0.113352 -0.893701 -0.434108 
-0.951477 0.19672 -0.236629 
0.307112 0.558707 -0.770408 
-0.0193484 -0.805697 -0.592012 
-0.950874 0.0156725 -0.30918 
0.269652 0.532524 -0.802313 
0.152071 -0.84627 -0.510589 
-0.402309 0.508405 0.761362 
-0.232724 -0.861105 0.452037 
0.88543 0.00467139 0.464749 
0.422839 0.037328 -0.905436 
0.889698 0.172738 0.42261 
0.172179 -0.98426 0.0398297 
0.507662 0.0680632 -0.858864 
0.849748 0.124927 0.512174 
0.142156 -0.989829 0.00558424 
0.00624165 0.994444 0.105079 
-0.202409 -0.101649 0.974011 
0.979281 -0.0273483 0.20065 
-0.0319496 0.984504 0.172428 
-0.355507 -0.172428 0.918631 
0.934128 -0.0319496 0.355507 
0.19682 0 -0.98044 
0.98044 0 0.19682 
0 -1 0 
0.182347 -0.288208 -0.940046 
0.982861 0.027089 0.182347 
-0.027089 -0.957184 0.288208 
-0.925792 0.376459 -0.0344781 
0.187252 0.377433 -0.906907 
-0.3284 -0.846063 -0.419917 
-0.987282 0.0697679 -0.142853 
0.158402 0.508239 -0.846523 
0.0135434 -0.858385 -0.512827 
0.278575 0.561578 0.779119 
-0.688719 -0.448591 0.56959 
0.669375 -0.695267 0.261803 
-0.013218 0.9911 0.132463 
-0.196724 -0.132463 0.971469 
0.98037 -0.013218 0.196724 
-0.486023 0.0766113 -0.870582 
-0.276639 -0.958414 0.0701 
-0.829007 0.274907 0.487005 
0.275232 -0.488343 -0.828111 
0.96134 0.132155 0.24158 
-0.00853484 -0.862587 0.505837 
0.151521 -0.517528 -0.842144 
0.988432 0.0736381 0.132589 
-0.0066043 -0.852492 0.522699 
-0.00749102 0.0203047 0.999766 
-0.989946 -0.141376 -0.00454616 
0.141251 -0.989748 0.0211596 
0.167948 -0.414224 -0.894546 
0.980299 -0.0255203 0.195865 
-0.103961 -0.909817 0.401777 
-0.135195 0.00922665 -0.990776 
-0.143275 -0.989629 0.0103344 
-0.980405 0.14335 0.135115 
0.318541 0.388437 -0.864666 
0.947679 -0.110404 0.299525 
0.0208837 -0.914837 -0.403282 
-0.442163 -0.325206 -0.835902 
-0.15491 -0.890261 0.428297 
-0.883456 0.318867 0.343263 
-0.414313 -0.330446 -0.848027 
-0.159749 -0.890892 0.425197 
-0.896005 0.311636 0.31632 
-0.319908 0.133839 -0.937948 
-0.328835 -0.944118 -0.0225624 
-0.888553 0.301212 0.346042 
-0.313518 0.130632 -0.940554 
-0.33919 -0.940554 -0.0175692 
-0.886937 0.313518 0.33919 
0.206764 -0.512559 -0.833386 
0.971868 0.00940466 0.235337 
-0.112787 -0.8586 0.500085 
-0.323191 0.092351 -0.941817 
-0.499464 -0.861968 0.0868734 
-0.803793 0.498481 0.324706 
-0.336751 0.16213 -0.92753 
-0.537905 -0.841628 0.0481789 
-0.772824 0.515148 0.37063 
-0.702157 0.712022 0 
-0 0 -1 
-0.712022 -0.702157 0 
0.254865 0.0960202 -0.962197 
0.962197 -0.123992 0.242492 
-0.0960202 -0.987627 -0.123992 
-0.0056544 0.105584 0.994394 
-0.994296 -0.106502 0.0056544 
0.106502 -0.988691 0.105584 
0.00505263 0.14156 0.989917 
-0.98196 -0.186418 0.0316703 
0.189022 -0.972219 0.138065 
-0.495842 0.129315 -0.858731 
-0.273809 -0.961692 0.0132814 
-0.824117 0.241714 0.512255 
-0.496997 0.11413 -0.860214 
-0.238777 -0.971032 0.00912217 
-0.834254 0.209933 0.509851 
-0.00969963 -0.213288 0.976941 
-0.0897192 -0.972861 -0.213288 
0.99592 -0.0897192 -0.00969963 
-0.822341 0.27145 -0.500071 
-0.43161 -0.870273 0.237356 
-0.370768 0.411023 0.832821 
-0.877045 0.359633 -0.318522 
-0.462839 -0.810212 0.359633 
-0.128734 0.462839 0.877045 
-0.0242517 -0.109242 0.993719 
-0.120823 -0.986405 -0.111387 
0.992378 -0.122766 0.0107231 
-0.704695 -0.499811 -0.503582 
-0.00625939 -0.705352 0.708829 
-0.709483 0.50266 0.493929 
-0.618127 -0.603445 -0.503758 
-0.025775 -0.624947 0.780242 
-0.785655 0.495273 0.370743 
-0.536809 -0.667679 -0.515791 
-0.166028 -0.515791 0.840473 
-0.827207 0.536809 0.166028 
-0.529372 -0.673895 -0.515394 
-0.162994 -0.515394 0.84131 
-0.832585 0.529372 0.162994 
-0.87958 0.456168 -0.135089 
-0.455162 -0.72425 0.517967 
0.138442 0.517081 0.844666 
-0.776935 0.400537 -0.485739 
-0.539009 -0.821857 0.184444 
-0.325331 0.405118 0.854423 
-0.832042 0.382516 -0.40173 
-0.531983 -0.75543 0.382516 
-0.15716 0.531983 0.832042 
-0.645159 -0.298289 -0.703416 
-0.161072 -0.846854 0.506847 
-0.746877 0.440298 0.498309 
-0.755865 -0.200682 -0.623213 
-0.200682 -0.835037 0.512288 
-0.623213 0.512288 0.590903 
-0.615006 -0.485674 -0.621199 
-0.264605 -0.615006 0.7428 
-0.7428 0.621199 0.249721 
-0.603348 -0.734609 -0.310358 
0.00763058 -0.394474 0.918875 
-0.797442 0.552033 0.243611 
-0.635964 -0.712954 -0.295377 
0.00688165 -0.387976 0.921644 
-0.771688 0.584099 0.251645 
-0.712453 -0.4929 -0.49946 
-0.0076057 -0.706299 0.707873 
-0.701679 0.508125 0.499456 
-0.696383 -0.210943 -0.685969 
-0.29525 -0.786985 0.54174 
-0.654124 0.57979 0.485763 
0.0288692 -0.999574 -0.00439112 
-0.297265 -0.00439112 -0.954785 
0.954358 0.0288692 -0.297265 
-0.0141267 -0.980447 0.196275 
-0.853245 -0.090522 -0.513594 
0.521319 -0.174726 -0.835283 
-0.00597937 -0.978104 0.208031 
-0.868331 -0.0980979 -0.486187 
0.495949 -0.183547 -0.848732 
0 -0.19016 0.981753 
0 -0.981753 -0.19016 
1 0 0 
0.0655094 -0.988416 0.136903 
-0.741804 -0.140004 -0.655839 
0.667409 -0.0585918 -0.742383 
0.160384 -0.97408 0.159515 
-0.779231 -0.224147 -0.585283 
0.605868 -0.0304286 -0.794983 
0.0840573 -0.994961 0.0546557 
-0.533762 -0.0912753 -0.840694 
0.841447 0.0414933 -0.538745 
0.325725 -0.945379 -0.012698 
-0.492953 -0.158353 -0.855524 
0.806784 0.284925 -0.517607 
0.511762 -0.859125 0.00187642 
-0.438844 -0.263287 -0.859125 
0.73859 0.438844 -0.511762 
0.510421 -0.859925 0.000476997 
-0.453599 -0.269712 -0.849413 
0.73056 0.433342 -0.527728 
0.105813 -0.99425 -0.0164759 
-0.30317 -0.0164759 -0.952794 
0.947044 0.105813 -0.30317 
0.0966079 -0.994246 0.0462857 
-0.468218 -0.0864334 -0.879375 
0.878316 0.0632828 -0.473874 
0.391805 -0.919784 -0.0220486 
-0.416567 -0.155978 -0.895624 
0.820342 0.360095 -0.444264 
0.556853 -0.830604 0.00342277 
-0.391967 -0.266411 -0.88056 
0.732309 0.489001 -0.473922 
0.530903 -0.843866 0.077664 
-0.28086 -0.26168 -0.923386 
0.799537 0.468416 -0.375935 
0 -1 0 
-0.431927 0 -0.901909 
0.901909 0 -0.431927 
0.0665681 -0.997711 -0.0118587 
-0.46109 -0.0202201 -0.887123 
0.884853 0.064522 -0.461381 
0.538278 -0.842733 -0.00762806 
-0.20498 -0.122137 -0.971116 
0.81746 0.524294 -0.238487 
0.541119 -0.840868 0.0114875 
-0.126685 -0.0950143 -0.987382 
0.831349 0.532836 -0.15794 
-0.702593 -0.504682 -0.501656 
-0.003393 -0.702593 0.711584 
-0.711584 0.501656 0.491925 
-0.647462 -0.560567 -0.516292 
-0.0460269 -0.647462 0.760707 
-0.760707 0.516292 0.393406 
0.0919223 -0.995766 0.00101948 
-0.687811 -0.0642343 -0.723042 
0.720046 0.0657625 -0.690803 
-0.752628 -0.0790253 -0.653687 
-0.423886 -0.70154 0.572855 
-0.503857 0.708235 0.494501 
-0.707107 -1.11022e-16 -0.707107 
-0.5 -0.707107 0.5 
-0.5 0.707107 0.5 
0.0182999 -0.987381 0.157301 
-0.868577 -0.0936236 -0.48663 
0.495216 -0.127723 -0.85933 
0.014951 -0.991082 0.132409 
-0.868218 -0.0785517 -0.489925 
0.495957 -0.107635 -0.86165 
-0.0696794 -0.977156 0.200774 
-0.820314 -0.0584003 -0.568924 
0.567653 -0.20434 -0.797505 
-0.793086 -0.329968 -0.511992 
-0.175736 -0.68086 0.711018 
-0.583209 0.653874 0.481993 
-0.779142 -0.301013 -0.549844 
-0.185753 -0.726891 0.661154 
-0.598693 0.617268 0.510438 
-1.50295e-17 -1 -3.38312e-17 
-0.592436 3.61591e-17 -0.805618 
0.805618 7.93481e-18 -0.592436 
0.0410659 -0.983183 0.177948 
-0.720144 -0.152582 -0.676839 
0.692608 -0.100353 -0.714299 
0 -1 0 
-0.707107 -0 -0.707107 
0.707107 0 -0.707107 
-0.575052 -0.580768 -0.576215 
-0.124659 -0.633892 0.763309 
-0.808564 0.510773 0.292123 
-0.554633 -0.569496 -0.606676 
-0.141474 -0.653939 0.743201 
-0.81998 0.498033 0.282127 
-0.813572 -0.490211 -0.31272 
-0.0958247 -0.417427 0.903644 
-0.573514 0.765145 0.292633 
-0.00411144 -0.16634 0.98606 
-0.0490598 -0.984847 -0.16634 
0.998787 -0.0490598 -0.00411144 
-0.660029 -0.274712 -0.69921 
-0.216431 -0.821744 0.527157 
-0.719388 0.499269 0.482919 
-0.634374 -0.305927 -0.709914 
-0.184731 -0.831755 0.523506 
-0.750629 0.463242 0.47113 
-0.0612379 -0.971776 0.227819 
-0.883944 -0.0532051 -0.464555 
0.463565 -0.229827 -0.855738 
-0.070787 -0.952505 0.296181 
-0.916963 -0.0547415 -0.3952 
0.392643 -0.299562 -0.869537 
-0.00445416 -0.983907 0.178623 
-0.843418 -0.0922692 -0.529276 
0.53724 -0.153012 -0.829434 
-0.75363 -0.0809184 -0.652298 
-0.421986 -0.701308 0.574538 
-0.503953 0.708251 0.494381 
-0.530101 -0.773813 -0.346708 
-0.0216564 -0.396396 0.917824 
-0.847658 0.494048 0.193372 
-0.514541 -0.800584 -0.307103 
-0.00837179 -0.353444 0.935418 
-0.857425 0.483882 0.175159 
-0.541429 -0.677178 -0.498282 
-0.0919293 -0.541429 0.835706 
-0.835706 0.498282 0.230892 
-0.537727 -0.680275 -0.498072 
-0.0121269 -0.584447 0.811341 
-0.843032 0.44232 0.306023 
-0.146248 -0.967807 0.204843 
-0.831235 0.00795751 -0.555864 
0.53634 -0.251567 -0.805639 
-0.11282 -0.957986 0.263694 
-0.861162 -0.0381112 -0.5069 
0.495653 -0.284272 -0.820681 
-1.68748e-17 -1 -8.50192e-16 
-0.476444 7.55533e-16 -0.879205 
0.879205 3.90232e-16 -0.476444 
-0.707107 1.66533e-16 -0.707107 
-0.5 -0.707107 0.5 
-0.5 0.707107 0.5 
-0.386418 -0.00471244 -0.922312 
-0.464994 -0.862607 0.199224 
-0.796531 0.505853 0.331135 
-0.298538 0.0107187 -0.954338 
-0.489378 -0.860197 0.143427 
-0.819381 0.50985 0.262046 
0.026999 -0.987724 0.153858 
-0.914305 -0.0866237 -0.395656 
0.404126 -0.129991 -0.905419 
0.1154 -0.985628 0.123373 
-0.942966 -0.147745 -0.298308 
0.312248 -0.0819123 -0.946463 
0.0352202 -0.981949 0.185839 
-0.924211 -0.102757 -0.367798 
0.380255 -0.1588 -0.911147 
0.118342 -0.98499 0.125655 
-0.940812 -0.151698 -0.303085 
0.317597 -0.0823507 -0.944643 
-0.509505 0.00143447 -0.860466 
-0.492019 -0.820875 0.289969 
-0.70592 0.571106 0.418946 
-0.000349857 -0.0130802 0.999914 
-0.0534534 -0.998485 -0.0130802 
0.99857 -0.0534534 -0.000349857 
-0.492347 -0.0414781 -0.86941 
-0.540067 -0.768772 0.342517 
-0.682585 0.638177 0.356101 
0.00482936 -0.976228 0.216694 
-0.856912 -0.115735 -0.502302 
0.51544 -0.183262 -0.8371 
0.0215668 -0.975521 0.218846 
-0.856742 -0.130856 -0.498869 
0.515294 -0.176736 -0.838592 
-0.707107 -3.33067e-16 -0.707107 
-0.5 -0.707107 0.5 
-0.5 0.707107 0.5 
-0.944311 0.0167976 -0.328625 
-0.261821 -0.643286 0.719467 
-0.199314 0.765441 0.61186 
-0.707107 -1.11022e-16 -0.707107 
-0.5 -0.707107 0.5 
-0.5 0.707107 0.5 
-0.318645 -0.602512 -0.731741 
-0.211945 -0.707146 0.674554 
-0.923875 0.370032 0.0976291 
-0.339731 -0.527034 -0.778985 
-0.28842 -0.729962 0.619653 
-0.895208 0.43519 0.0959835 
-0.50716 -0.287658 -0.812429 
-0.371278 -0.777779 0.50716 
-0.777779 0.558849 0.287658 
-0.510127 -0.25613 -0.821077 
-0.472074 -0.714611 0.516214 
-0.718969 0.650944 0.24363 
-0.512642 -0.000716969 -0.858602 
-0.273023 -0.947959 0.163804 
-0.814037 0.318391 0.485768 
-0.544277 -0.00655249 -0.83888 
-0.517623 -0.784298 0.341968 
-0.660173 0.620349 0.423484 
-0.761663 0.00588111 -0.647946 
-0.440333 -0.738292 0.510912 
-0.475369 0.674455 0.56492 
-0.476172 -0.134019 -0.869079 
-0.458056 -0.805842 0.375238 
-0.75063 0.576765 0.322331 
-0.14243 -0.932122 0.332961 
-0.893136 -0.0239652 -0.449147 
0.426639 -0.361352 -0.829098 
0.173164 -0.984891 0.00205532 
-0.843178 -0.149326 -0.516481 
0.508984 0.0877029 -0.856296 
-0.707107 5.55112e-17 -0.707107 
-0.5 -0.707107 0.5 
-0.5 0.707107 0.5 
-0.367069 -0.397487 -0.84099 
-0.315317 -0.797403 0.514513 
-0.875121 0.45404 0.167367 
-0.809359 -0.0720346 -0.582879 
-0.302641 -0.799388 0.519025 
-0.503335 0.596481 0.625191 
-0.39728 -0.356277 -0.845716 
-0.372236 -0.779786 0.503363 
-0.838814 0.514782 0.177174 
0.215669 -0.975613 0.0408185 
-0.832948 -0.205625 -0.513727 
0.509592 0.0767952 -0.856982 
0.137273 -0.989644 0.0419531 
-0.841138 -0.138832 -0.522697 
0.523109 0.036464 -0.851486 
-0.389875 -0.75039 -0.533773 
-0.134808 -0.526888 0.839176 
-0.910947 0.39913 0.104262 
-0.435254 -0.733189 -0.522482 
-0.145781 -0.515283 0.84453 
-0.888427 0.443753 0.117394 
0.198861 -0.979988 0.00880299 
-0.833762 -0.173896 -0.524024 
0.515068 0.0968683 -0.851658 
0.485727 -0.871525 0.0671808 
-0.663582 -0.417677 -0.620649 
0.568971 0.256886 -0.781205 
0.538452 -0.842656 0.000843303 
-0.644484 -0.412466 -0.643826 
0.542871 0.346126 -0.765172 
-0.204626 -0.936076 0.286163 
-0.783396 -0.0186666 -0.621242 
0.586872 -0.351301 -0.729499 
-0.0339306 -0.977822 0.206673 
-0.71388 -0.12101 -0.689733 
0.699446 -0.170942 -0.693941 
-0.189074 -0.968161 0.164058 
-0.62102 -0.011522 -0.78371 
0.760647 -0.250063 -0.599069 
-0.383376 -0.827063 -0.411084 
-0.10049 -0.405097 0.908734 
-0.918109 0.389697 0.0721926 
-0.492208 -0.772335 -0.401535 
-0.0749279 -0.421978 0.903504 
-0.867247 0.474798 0.149832 
-0.265199 -0.432978 -0.86151 
-0.289553 -0.816498 0.499489 
-0.919689 0.381917 0.0911641 
-0.109506 -0.989001 0.0994244 
-0.38848 -0.0494867 -0.920127 
0.914927 -0.139384 -0.378788 
0 -1 0 
-0.44545 -0 -0.895307 
0.895307 0 -0.44545 
0.575099 -0.81797 -0.0136554 
-0.766407 -0.532857 -0.358726 
0.286151 0.216768 -0.933343 
-0.367456 -0.530644 -0.763802 
-0.323617 -0.696983 0.639911 
-0.871922 0.482319 0.0843848 
-0.608196 -0.23642 -0.757762 
-0.270934 -0.835462 0.478119 
-0.746118 0.496093 0.444071 
-0.780631 0.291538 -0.552829 
-0.508941 -0.809929 0.291538 
-0.362758 0.508941 0.780631 
-0.777611 0.368506 -0.509436 
-0.566959 -0.761235 0.314767 
-0.271807 0.533596 0.800872 
-0.609232 0.515684 -0.602418 
-0.759065 -0.599064 0.254838 
-0.229471 0.61253 0.756406 
-0.493012 -0.0151054 -0.869891 
-0.432382 -0.863378 0.260045 
-0.754973 0.504331 0.419124 
-0.42792 -0.544766 -0.72119 
-0.294551 -0.670318 0.681111 
-0.854473 0.503889 0.126381 
-0.134267 -0.956997 0.257156 
-0.852773 -0.0205897 -0.521875 
0.504728 -0.289367 -0.813337 
-0.317239 -0.894484 0.315053 
-0.533084 -0.10656 -0.839325 
0.784334 -0.434217 -0.44303 
0.51111 -0.859515 -0.000317728 
-0.724881 -0.430851 -0.537509 
0.46186 0.274956 -0.843258 
0.511762 -0.859125 -0.00187642 
-0.73859 -0.438844 -0.511762 
0.438844 0.263287 -0.859125 
0.514255 -0.857616 -0.00607835 
-0.793685 -0.47321 -0.382278 
0.324972 0.201413 -0.924027 
0.50117 -0.865348 -0.00129198 
-0.74448 -0.430407 -0.510391 
0.44111 0.256755 -0.859941 
0.168089 -0.985543 0.0212179 
-0.833817 -0.153627 -0.530234 
0.525829 0.0714347 -0.847586 
-0.250864 -0.967505 0.0316523 
-0.244357 0.0316523 -0.969169 
0.936674 -0.250864 -0.244357 
0.680746 -0.732495 -0.0059524 
-0.554762 -0.510229 -0.657195 
0.478355 0.450686 -0.753697 
-0.434334 -0.773043 -0.462339 
-0.0185605 -0.505492 0.862632 
-0.90056 0.383252 0.205204 
-0.514748 -0.713661 -0.475102 
-0.0746433 -0.514748 0.854086 
-0.854086 0.475102 0.211696 
-0.525518 -0.725628 -0.444179 
-0.135269 -0.444179 0.885668 
-0.839961 0.525518 0.135269 
-0.525518 -0.725628 -0.444179 
-0.135269 -0.444179 0.885668 
-0.839961 0.525518 0.135269 
0.745472 -0.666509 0.00607612 
-0.493863 -0.558449 -0.666509 
0.447627 0.493863 -0.745472 
-0.805922 0.512687 -0.296045 
-0.592022 -0.698495 0.402013 
-0.000678752 0.499256 0.866454 
-0.752025 0.468334 -0.463812 
-0.629365 -0.719287 0.294152 
-0.195852 0.513117 0.835675 
-0.836665 0.534972 0.117458 
-0.0135009 0.194243 -0.98086 
-0.547548 -0.822238 -0.155294 
0.680426 -0.732773 0.00800906 
-0.53657 -0.505623 -0.675602 
0.499113 0.4554 -0.737223 
0.329183 -0.944266 -4.06913e-05 
-0.7825 -0.272765 -0.559726 
0.52852 0.184284 -0.828677 
-0.648532 0.451831 -0.61258 
-0.724781 -0.612456 0.315578 
-0.23259 0.648649 0.724676 
-0.828358 0.224764 -0.513132 
-0.513132 -0.671941 0.534032 
-0.224764 0.705674 0.671941 
-0.53863 0.480503 -0.692095 
-0.821747 -0.480974 0.305606 
-0.186035 0.733336 0.653919 
-0.53991 0.479743 -0.691624 
-0.822963 -0.473372 0.314085 
-0.176715 0.738759 0.650389 
-0.864967 0.421194 -0.272815 
-0.501828 -0.724875 0.471937 
0.00102067 0.545116 0.83836 
-0.862923 0.299081 -0.407326 
-0.463866 -0.788589 0.403678 
-0.20048 0.537288 0.819225 
-0.707107 0.707107 2.01108e-15 
-1.51064e-15 1.33346e-15 -1 
-0.707107 -0.707107 1.25285e-16 
-0.804702 0.214918 -0.553413 
-0.528331 -0.684413 0.502439 
-0.270779 0.696699 0.664296 
-0.80688 0.590715 0 
-0 0 -1 
-0.590715 -0.80688 0 
0.138083 -0.990141 0.0235205 
-0.858261 -0.131475 -0.496086 
0.494288 0.0483143 -0.867955 
0.281619 -0.959504 0.00657691 
-0.927074 -0.273855 -0.256003 
0.247437 0.065998 -0.966654 
0.348046 -0.935443 0.0617262 
-0.82792 -0.337593 -0.447861 
0.439787 0.104772 -0.89197 
0.382076 -0.923856 0.0225506 
-0.889578 -0.374291 -0.261833 
0.250336 0.0799795 -0.96485 
-0.745516 0.666488 0 
-0 0 -1 
-0.666488 -0.745516 0 
-0.556677 0.287146 -0.779524 
-0.603637 -0.784494 0.142095 
-0.57073 0.549651 0.610042 
-0.698843 0.506927 -0.504622 
-0.710587 -0.572678 0.408787 
-0.0817613 0.644256 0.760427 
0.796638 0.302443 -0.52335 
0.521583 0.0936165 0.848049 
0.305481 -0.948559 -0.0831708 
-0.824626 0.527461 0.204395 
0.00705633 0.37089 -0.92865 
-0.565634 -0.764347 -0.309568 
-0.945344 0.15535 -0.286691 
-0.313866 -0.671862 0.670887 
-0.0883943 0.724201 0.6839 
-0.851225 0.126429 -0.509344 
-0.421084 -0.74379 0.5191 
-0.313215 0.656348 0.68637 
-0.486525 0.872931 0.0358385 
-0.272431 -0.112608 -0.955563 
-0.830105 -0.474669 0.2926 
-0.927929 0.235873 0.288636 
-0.145941 0.482626 -0.863582 
-0.342999 -0.843467 -0.413419 
-0.707107 -3.33067e-16 -0.707107 
-0.5 -0.707107 0.5 
-0.5 0.707107 0.5 
0.526677 0.0684553 -0.847305 
0.839497 0.114801 0.531098 
0.133628 -0.991027 0.00299524 
0.592581 0.0649847 -0.802885 
0.799528 0.073804 0.596077 
0.097992 -0.995153 -0.00822226 
0.619535 0.142042 -0.772011 
0.755927 0.157089 0.63553 
0.211546 -0.977316 -0.0100513 
-0.857208 0.508504 0.0813595 
-0.00341717 0.152368 -0.988318 
-0.51496 -0.847472 -0.128874 
-0.857223 0.509236 0.0764688 
-0.00388584 0.142098 -0.989845 
-0.51493 -0.848815 -0.119831 
-0.862856 0.357405 -0.357408 
-0.505449 -0.610134 0.610129 
-3.8166e-06 0.707105 0.707108 
0.967658 -0.021561 -0.251345 
-0.112161 -0.929217 -0.352102 
-0.225962 0.368905 -0.901582 
-0.586331 0.00310564 -0.810066 
-0.238972 -0.956153 0.169303 
-0.774021 0.292851 0.561364 
-0.571999 -0.018988 -0.820034 
-0.258656 -0.94455 0.202292 
-0.778405 0.327818 0.535371 
-0.606387 0.0788996 -0.791245 
-0.487653 -0.822875 0.291669 
-0.628084 0.562718 0.537457 
0.899648 0.435943 -0.0242398 
0.420511 -0.850187 0.316784 
0.117492 -0.295187 -0.948188 
0.899139 0.437182 0.0205094 
0.389323 -0.820357 0.418858 
0.199942 -0.368627 -0.90782 
0.880514 0.47402 -0.00011969 
0.40786 -0.75749 0.509764 
0.241548 -0.448903 -0.860314 
-0.349027 -0.188787 -0.917899 
0.703859 0.593849 -0.389778 
0.618678 -0.782115 -0.0743897 
-0.707107 -3.88578e-16 -0.707107 
-0.5 -0.707107 0.5 
-0.5 0.707107 0.5 
-0.830767 0.189285 -0.523447 
-0.497781 -0.673464 0.546498 
-0.249079 0.714575 0.653714 
-0.763546 0.0715898 -0.641773 
-0.497396 -0.699005 0.513799 
-0.41182 0.711525 0.56933 
0.882453 0.294223 -0.367027 
0.438484 -0.232 0.868278 
0.170317 -0.927151 -0.333742 
0.813089 0.249949 -0.525749 
0.539825 0.0143023 0.841656 
0.217891 -0.968153 -0.1233 
0.818731 0.209579 -0.534562 
0.548648 -0.0110273 0.835981 
0.169309 -0.97773 -0.124013 
-0.231941 0.010541 -0.972673 
0.910045 0.355504 -0.213154 
0.343542 -0.934615 -0.0920488 
-0.00513675 0.0610585 -0.998121 
0.985958 0.166917 0.00513675 
0.166917 -0.984079 -0.0610585 
0.00440758 0.515277 -0.857012 
0.980324 0.166904 0.105393 
0.197345 -0.840614 -0.504403 
0.0238151 0.425972 -0.904423 
0.992096 0.101422 0.0738922 
0.123204 -0.899033 -0.42019 
0.0216437 0.515454 -0.856644 
0.985851 0.131453 0.104005 
0.166218 -0.846775 -0.505316 
0.444853 0.0782397 -0.89218 
0.878232 0.157146 0.451679 
0.175541 -0.984471 0.00119407 
-0.225256 0 0.9743 
0 -1 0 
0.9743 0 0.225256 
-0.74864 0.00896036 -0.662916 
-0.447871 -0.744087 0.495729 
-0.488825 0.668023 0.561066 
-0.0274709 -0.103898 0.994208 
-0.0811355 -0.991071 -0.105812 
0.996324 -0.0835724 0.0187958 
-0.0161643 -0.109689 0.993834 
-0.0499301 -0.992636 -0.110369 
0.998622 -0.0514063 0.0105684 
-0.707107 -3.8118e-17 -0.707107 
-0.346289 -0.871876 0.346289 
-0.616509 0.489727 0.616509 
-0.659115 -0.00706807 -0.752009 
-0.460698 -0.786566 0.411182 
-0.594411 0.617466 0.515181 
-0.707107 2.22045e-16 -0.707107 
-0.5 -0.707107 0.5 
-0.5 0.707107 0.5 
-0.507229 -0.852875 0.123785 
-0.253717 0.0105116 -0.967221 
0.823618 -0.522009 -0.221721 
-0.0919246 -0.21878 -0.971435 
-0.31751 -0.918202 0.236837 
-0.943789 0.330212 0.0149404 
-0.707107 0 -0.707107 
-0.5 -0.707107 0.5 
-0.5 0.707107 0.5 
-0.526583 -0.837242 0.14743 
-0.294674 0.0170901 -0.955445 
0.797419 -0.546565 -0.255712 
-0.808139 0.247688 -0.53438 
-0.506432 -0.75545 0.415719 
-0.300728 0.606586 0.735946 
-0.822954 0.237203 -0.516218 
-0.516218 -0.691622 0.505152 
-0.237203 0.682198 0.691622 
0.779624 0.416392 -0.467765 
0.507361 0.0178933 0.861548 
0.367111 -0.909009 -0.197311 
0.777272 0.428186 -0.460982 
0.510455 -0.000846555 0.859904 
0.367809 -0.90369 -0.219228 
0.516395 0.0815144 -0.852462 
0.844634 0.115619 0.522709 
0.141169 -0.989943 -0.0091447 
0.00107947 0.000229249 -0.999999 
0.992274 0.124063 0.00109957 
0.124063 -0.992274 -9.35549e-05 
-0.453682 -0.860548 0.231581 
-0.313959 -0.0888605 -0.945269 
0.834028 -0.501559 -0.229863 
0.678418 -0.730326 0.0798266 
-0.0253291 -0.131842 -0.990947 
0.734239 0.670255 -0.107942 
0.740442 -0.663499 0.107306 
-0.0272094 -0.189112 -0.981578 
0.671569 0.723882 -0.15808 
0.733073 -0.660217 0.163459 
-0.12661 -0.368589 -0.92093 
0.668262 0.654413 -0.353793 
0.74738 -0.638602 0.183334 
-0.0251554 -0.30294 -0.952677 
0.663921 0.7074 -0.242476 
0.83978 -0.542859 0.00856819 
-0.156649 -0.257379 -0.953529 
0.519837 0.799412 -0.30118 
-0.633534 0.77343 -0.020992 
-0.0588927 -0.0752574 -0.995424 
-0.771471 -0.629398 0.0932275 
-0.186808 -0.853597 0.486287 
-0.938971 0.0095963 -0.343862 
0.288853 -0.520846 -0.803295 
-0.2295 -0.858209 0.459137 
-0.897528 0.00411507 -0.440938 
0.376527 -0.513284 -0.771211 
0.893483 -0.44888 0.0139933 
-0.153104 -0.333745 -0.930147 
0.422194 0.828928 -0.366921 
-0.550939 0.834421 -0.014445 
-0.170098 -0.129222 -0.976918 
-0.817027 -0.535765 0.213127 
-0.303256 -0.870892 0.386759 
-0.792958 0.00555196 -0.609252 
0.528445 -0.491443 -0.692264 
2.75004e-17 3.75482e-18 1 
-0.990807 -0.135282 2.77556e-17 
0.135282 -0.990807 3.91978e-34 
0.041743 -0.121427 0.991722 
-0.982035 -0.187804 0.0183404 
0.184022 -0.974672 -0.127085 
-2.7026e-17 -6.32182e-18 1 
-0.973715 -0.227768 -2.77556e-17 
0.227768 -0.973715 3.94514e-34 
0.0602502 -0.11793 0.991192 
-0.930437 -0.366222 0.0129847 
0.361465 -0.923024 -0.131792 
0.844998 -0.525379 0.0997731 
-0.0973098 -0.334518 -0.937352 
0.525841 0.782352 -0.333792 
-0.383377 -0.840986 0.381791 
-0.706142 0.000456127 -0.70807 
0.595303 -0.541057 -0.59403 
-0.293633 -0.863042 0.411021 
-0.809439 -0.0042517 -0.587189 
0.508516 -0.505115 -0.697331 
-0.272848 -0.870629 0.40934 
-0.83657 0.00459835 -0.547841 
0.475084 -0.491919 -0.729597 
-0.846416 -0.411419 -0.338105 
-0.0821888 -0.526379 0.846269 
-0.526142 0.744083 0.411721 
0.0070893 -0.0770942 0.996999 
-0.983255 -0.182097 -0.0070893 
0.182097 -0.980254 -0.0770942 
-0.0499045 -0.139705 0.988935 
-0.913487 -0.39394 -0.101748 
0.403795 -0.908457 -0.107959 
-0.0213667 -0.117086 0.992892 
-0.991734 -0.123194 -0.0358693 
0.126518 -0.985451 -0.113486 
-0.0277385 -0.161899 0.986417 
-0.988423 -0.142813 -0.0512345 
0.149168 -0.976419 -0.156063 
-0.734828 -0.00333316 -0.678246 
