0.613102 -0.658563 -0.436349 0.625993 0.779502 -0.0225652 -0.0159747 -0.0161119 -0.999743 -0.779665 0.626192 0.00236639 
0.71048 -0.565668 0.418614 0.322593 -0.0331964 -0.945955 -0.19815 -0.979609 -0.0331964 -0.925565 0.19815 -0.322593 
0.572031 -0.770505 -0.281252 0.647171 0.656139 -0.388139 -0.215358 -0.331048 -0.91871 -0.731294 0.678151 -0.0729402 
0.614399 -0.659408 -0.433238 0.627536 0.778199 -0.0245909 -0.0161177 -0.0185929 -0.999697 -0.77842 0.627743 0.00087503 
0.680306 -0.514778 0.521715 0.509774 -0.0760827 -0.856937 -0.127327 -0.991784 0.0123109 -0.850834 0.102836 -0.515273 
0.577228 -0.762531 -0.292154 0.60208 0.692055 -0.398196 -0.285678 -0.278984 -0.916818 -0.745579 0.665754 0.0297346 
0.579707 -0.717269 -0.386607 0.537477 0.812675 -0.225117 -0.149453 -0.17093 -0.973882 -0.829929 0.557084 0.0295859 
0.602779 -0.699409 -0.384038 0.536645 0.800062 -0.268167 -0.176651 -0.204241 -0.96285 -0.82511 0.564081 0.0317263 
0.573053 -0.733948 -0.364597 0.536787 0.801513 -0.26351 -0.160934 -0.209318 -0.964513 -0.828227 0.560146 0.0166318 
0.64074 -0.660988 -0.390574 0.513335 0.814408 -0.270604 -0.107956 -0.251534 -0.961809 -0.851371 0.522943 -0.0412015 
0.664908 -0.53421 0.522031 0.656481 -0.0384409 -0.753362 -0.069067 -0.997569 -0.00928336 -0.751174 0.0581268 -0.65754 
0.926982 -0.0396696 0.373004 -0.554727 -0.497236 -0.667109 -0.0683643 -0.771833 0.63214 -0.829219 0.396271 0.394163 
0.913745 -0.0838958 0.397531 -0.403707 -0.495113 -0.76934 -0.0790177 -0.818899 0.568472 -0.911469 0.290288 0.291473 
0.65156 -0.667591 -0.360267 0.538547 0.798101 -0.270189 -0.0514214 -0.288935 -0.955967 -0.841025 0.528726 -0.114565 
0.972608 -0.201968 0.115079 -0.476468 -0.190766 -0.858246 0.663806 -0.718139 -0.208899 -0.576489 -0.669243 0.468802 
0.649797 0.245934 -0.719222 0.303372 -0.652629 0.694291 0.457306 -0.539515 -0.706962 0.835964 0.531976 0.134777 
0.997341 0.0156706 0.0711752 -0.605879 -0.249115 0.755547 0.366206 -0.930441 -0.0131166 0.70626 0.268739 0.654963 
0.656118 -0.670518 -0.346287 0.511559 0.81821 -0.262375 -0.0976524 -0.248014 -0.963822 -0.853681 0.518673 -0.0469737 
0.997273 0.0386581 0.0628714 -0.477967 -0.153949 -0.864782 0.876782 -0.142929 -0.459156 -0.0529163 -0.977686 0.203295 
0.99955 -0.0299865 0.000727156 -0.63065 -0.106717 -0.768695 0.776034 -0.0959111 -0.623355 -0.00720387 -0.989653 0.143302 
0.997728 0.0190265 0.0646333 -0.537036 -0.0998334 -0.837631 0.842626 -0.110186 -0.527106 -0.0396728 -0.988884 0.143296 
0.661001 -0.641039 -0.390061 0.415734 0.84843 -0.327616 -0.201456 -0.265368 -0.942866 -0.886894 0.457982 0.0605986 
0.798523 -0.498023 0.338133 -0.359098 0.165163 -0.918569 -0.876028 -0.399116 0.270704 -0.321906 0.901902 0.28801 
0.999378 -0.0252842 0.0245813 -0.415012 -0.32642 0.849244 0.426853 -0.894174 -0.135093 0.803469 0.306437 0.510426 
0.981422 0.19016 -0.025512 -0.287658 -0.50716 0.812429 0.558849 -0.777779 -0.287658 0.777779 0.371278 0.50716 
0.995535 -0.0772079 0.0543 -0.520617 0.0297892 -0.85327 0.846287 -0.1142 -0.520343 -0.112944 -0.993011 0.0342441 
0.788111 -0.451534 0.418329 -0.0076056 -0.185146 -0.982682 -0.0813092 -0.979341 0.185146 -0.99666 0.0813092 -0.0076056 
0.810801 -0.461069 0.360579 -0.181612 -0.101524 -0.978116 -0.159617 -0.978423 0.131193 -0.97033 0.17995 0.161489 
0.901106 -0.420818 0.1045 -0.240688 0.0125641 -0.970521 0.466108 -0.875575 -0.126929 -0.851359 -0.482918 0.204884 
0.735174 -0.574068 0.360506 0.248143 -0.00738474 -0.968695 -0.111491 -0.993544 -0.0209857 -0.962286 0.113208 -0.247364 
0.75107 -0.456645 0.476833 0.105696 -0.179159 -0.978126 -0.209964 -0.96548 0.154154 -0.971979 0.189078 -0.139664 
0.510664 -0.720434 -0.469252 0.709983 0.704218 0 0 0 -1 -0.704218 0.709983 0 
0.979 -0.201865 -0.0284638 -0.528231 0.0847597 -0.84486 0.760861 -0.394428 -0.515283 -0.376911 -0.91501 0.143858 
0.61909 -0.65719 -0.429917 0.610654 0.790312 -0.0500915 -0.0623748 -0.0150559 -0.997939 -0.789437 0.61252 0.0401016 
0.999263 -0.0299779 0.0239554 -0.707107 -0 -0.707107 0.707107 0 -0.707107 0 -1 0 
0.96969 -0.243178 -0.0237668 -0.350421 -0.184892 0.918161 0.114525 -0.981423 -0.153922 0.929564 0.0512153 0.365086 
0.996344 -0.0298903 0.0800277 -0.389298 -0.21577 0.895483 0.340742 -0.936947 -0.0776287 0.85577 0.274908 0.438274 
0.979556 -0.200625 0.0148135 -0.344664 -0.0112692 -0.938659 0.777685 -0.563455 -0.278792 -0.52575 -0.82607 0.202966 
0.985722 0.167102 -0.0207114 -0.313389 -0.496212 0.809667 0.460575 -0.825046 -0.327367 0.830457 0.270319 0.487103 
0.996317 -0.0857287 0.00149731 -0.53739 -0.0134329 -0.843227 0.836766 -0.13304 -0.531153 -0.105048 -0.99102 0.0827347 
0.973846 -0.227197 0.00249278 -0.503664 -0.00732842 -0.863868 0.748168 -0.503664 -0.431934 -0.431934 -0.863868 0.259161 
0.92597 -0.370241 0.074165 -0.314423 0.00457242 -0.949272 0.528528 -0.829817 -0.179059 -0.78854 -0.558018 0.258497 
0.45272 -0.308501 -0.836584 0.450547 -5.00207e-17 0.892753 0.892753 -9.91155e-17 -0.450547 1.11022e-16 1 3.14625e-33 
0.57481 -0.265142 -0.77414 0.197496 0.0457376 0.979236 0.959126 0.197496 -0.202664 -0.202664 0.979236 -0.00486363 
0.981357 -0.181015 0.0645854 -0.345497 0.062524 -0.936335 0.874931 -0.339304 -0.345497 -0.339304 -0.938597 0.062524 
0.98186 -0.189591 -0.00262272 -0.447214 1.42368e-16 -0.894427 0.779007 -0.49136 -0.389504 -0.439486 -0.870957 0.219743 
0.956933 -0.00412884 0.290278 -2.75136e-17 0.991282 0.131758 -3.65702e-18 0.131758 -0.991282 -1 -2.77556e-17 3.91848e-34 
0.714878 -0.625281 0.313007 0.497223 0.164864 -0.851815 -0.122699 -0.958552 -0.257144 -0.858903 0.232375 -0.456385 
0.862647 -0.460785 0.208608 -0.169226 -0.0444847 -0.984573 0.378556 -0.925286 -0.0232595 -0.909977 -0.376652 0.173423 
0.935015 -0.274618 0.224347 -0.5152 -0.296072 -0.804307 0.494419 -0.869218 0.00326544 -0.700085 -0.395982 0.594205 
0.653814 -0.577876 0.488452 0.62441 0.0241619 -0.780723 -0.0984197 -0.989122 -0.109326 -0.774871 0.145103 -0.615239 
0.59973 -0.656151 0.458027 0.686784 0.0537673 -0.72487 -0.121769 -0.974656 -0.187666 -0.716589 0.217153 -0.662831 
0.905002 -0.347397 0.245535 -0.317464 -0.133108 -0.938882 0.400158 -0.91643 -0.00538066 -0.859704 -0.377409 0.344198 
0.912473 -0.369997 0.174629 -0.340172 -0.153216 -0.927797 0.432497 -0.901583 -0.00968586 -0.835002 -0.404564 0.372959 
0.685721 -0.680827 0.257412 0.499596 0.230031 -0.835158 -0.132851 -0.932347 -0.336273 -0.85601 0.278953 -0.435237 
0.711614 -0.589005 0.382987 0.558623 0.0996568 -0.823413 -0.0882617 -0.979976 -0.178484 -0.824712 0.172381 -0.538641 
0.97961 -0.199434 0.0242803 -0.542783 -0.225173 -0.809126 0.719295 -0.621987 -0.309428 -0.433591 -0.749953 0.49957 
0.554771 -0.639098 0.532712 0.858542 0.109806 -0.500848 -0.00916284 -0.973358 -0.229106 -0.512662 0.201286 -0.834663 
0.9352 -0.274445 0.223789 -0.515132 -0.297492 -0.803827 0.495865 -0.868392 0.00361249 -0.699112 -0.396729 0.594852 
0.913329 -0.36161 0.187264 -0.208341 -0.089 -0.973999 0.522686 -0.851849 -0.0339653 -0.826676 -0.516172 0.223994 
0.922365 -0.352138 0.158879 -0.261365 -0.0817146 -0.961775 0.526626 -0.847115 -0.0711391 -0.808921 -0.525089 0.264439 
0.925513 -0.102158 0.364678 -0.510152 -0.549461 -0.661693 0.38891 -0.83356 0.392335 -0.767133 -0.0571886 0.638933 
0.922426 -0.21185 0.322878 -0.535298 -0.398172 -0.744926 0.279575 -0.915732 0.28857 -0.797053 -0.0537919 0.601509 
0.714999 -0.632601 0.297645 0.370339 0.132016 -0.919468 -0.132342 -0.972253 -0.192899 -0.919421 0.193122 -0.342592 
0.712958 -0.655018 0.250284 0.319741 0.150559 -0.935467 -0.153546 -0.966011 -0.207957 -0.934981 0.21013 -0.285755 
0.948288 -0.212258 0.236001 -0.223543 -0.223543 -0.948713 0.707107 -0.707107 -6.07618e-16 -0.670842 -0.670842 0.316138 
0.967788 -0.224915 0.113137 -0.323016 -0.115654 -0.9393 0.681316 -0.717286 -0.14598 -0.656863 -0.687114 0.310492 
0.589112 -0.696316 0.409989 0.82262 0.197826 -0.533068 0.00880695 -0.941844 -0.335936 -0.568523 0.271653 -0.776521 
0.942074 -0.290503 0.167644 -0.438844 -0.263287 -0.859125 0.511762 -0.859125 0.00187642 -0.73859 -0.438844 0.511762 
0.935985 -0.283894 0.208174 -0.433389 -0.283076 -0.855594 0.543502 -0.839404 0.00241641 -0.718874 -0.46397 0.517641 
0.967922 -0.225333 0.111137 -0.502883 -0.220838 -0.835667 0.68943 -0.685619 -0.233696 -0.52134 -0.693655 0.497038 
0.998556 -0.030191 0.0444232 -0.598424 -0.0668032 -0.79839 0.800016 -0.103515 -0.590981 -0.043166 -0.992382 0.11539 
0.937178 -0.301143 0.176096 -0.448159 -0.244468 -0.859877 0.480864 -0.876794 -0.00134389 -0.753607 -0.414086 0.510499 
0.939519 -0.294612 0.174666 -0.438844 -0.263287 -0.859125 0.511762 -0.859125 0.00187642 -0.73859 -0.438844 0.511762 
0.960624 -0.185811 0.20658 -0.232829 -0.15915 -0.959407 0.889882 -0.432814 -0.144159 -0.392302 -0.887323 0.242396 
0.984831 -0.147216 0.091845 -0.249031 -0.0973828 -0.963587 0.899896 -0.391048 -0.19305 -0.358009 -0.915204 0.185018 
0.890299 -0.454846 0.0219783 -0.748018 0.529027 -0.400749 -0.571332 -0.20603 0.794438 0.337713 0.823214 0.456364 
0.875585 -0.481412 -0.039909 -0.62228 0.643214 -0.446142 -0.643214 -0.0953208 0.75973 0.446142 0.75973 0.473041 
0.930898 -0.321219 -0.173918 -0.690273 0.642219 -0.333282 -0.568396 -0.196282 0.798999 0.447715 0.740964 0.500523 
0.932541 -0.352937 -0.0761733 -0.763249 0.523769 -0.378308 -0.534934 -0.183898 0.824638 0.36235 0.831774 0.420541 
0.994377 -0.100518 0.0333288 -0.52098 -0.0816155 -0.849658 0.843372 -0.202623 -0.497662 -0.131544 -0.97585 0.174395 
0.885152 -0.456798 -0.0885552 -0.648878 0.653069 -0.390458 -0.621874 -0.159484 0.766706 0.43844 0.740314 0.509613 
0.935029 -0.347936 -0.06827 -0.628008 0.651645 -0.425399 -0.645478 -0.130833 0.75249 0.4347 0.747156 0.502787 
0.55786 -0.636503 0.532594 0.858605 0.113026 -0.500022 -0.00942403 -0.971747 -0.235837 -0.512551 0.207203 -0.833282 
0.957766 -0.111376 0.265104 -0.849487 -0.360469 -0.385272 0.113145 -0.837694 0.534291 -0.515336 0.410281 0.752395 
0.959775 -0.163263 0.228422 -0.888693 -0.142399 -0.435829 -0.207468 -0.722781 0.6592 -0.408878 0.676247 0.612787 
0.954666 -0.0486856 0.29367 -0.838757 -0.409125 -0.359311 0.177928 -0.829594 0.52926 -0.514615 0.379989 0.768622 
0.9595 -0.104904 0.261448 -0.759368 -0.39143 -0.519752 0.0850948 -0.85169 0.517091 -0.645073 0.348434 0.680055 
0.922582 -0.355516 -0.149836 -0.550678 0.736832 -0.392214 -0.665331 -0.103707 0.73931 0.504072 0.668074 0.547346 
0.873941 -0.480962 -0.070018 -0.66107 0.680611 -0.315841 -0.542796 -0.143173 0.827571 0.518034 0.71852 0.46408 
0.88827 -0.454617 -0.0655801 -0.700539 0.61958 -0.354069 -0.500787 -0.073359 0.862456 0.508387 0.781498 0.361669 
0.915905 -0.209146 0.342601 -0.566611 -0.222687 -0.793324 -0.194068 -0.899638 0.391138 -0.800806 0.375582 0.466528 
0.908249 -0.259265 0.328428 -0.526594 -0.296678 -0.796669 0.126474 -0.95404 0.271684 -0.840656 0.0423089 0.539914 
0.894114 -0.25353 0.369163 -0.523282 -0.285965 -0.802745 0.0777222 -0.954102 0.289219 -0.848608 0.088952 0.52149 
0.937874 -0.27069 0.21707 -0.411438 -0.273136 -0.869549 0.562813 -0.826557 -0.00667016 -0.71691 -0.492138 0.493801 
0.947072 -0.276399 0.163275 -0.438559 -0.247443 -0.863966 0.602231 -0.794487 -0.0781558 -0.667071 -0.554583 0.497447 
0.990447 -0.12849 0.0500481 -0.501996 -0.11329 -0.857418 0.773644 -0.501996 -0.38662 -0.38662 -0.857418 0.339646 
0.9242 -0.376547 -0.0637674 -0.781903 0.509735 -0.358884 -0.550092 -0.293302 0.781903 0.293302 0.808792 0.509735 
0.909684 -0.377643 -0.172803 -0.642003 0.704096 -0.303447 -0.547784 -0.144319 0.824078 0.536437 0.695285 0.478346 
0.907781 -0.382248 -0.172683 -0.639931 0.706732 -0.301692 -0.543315 -0.13849 0.828027 0.543412 0.693794 0.472602 
0.996421 -0.0606393 0.0588979 -0.550975 -0.0407702 -0.833525 0.827492 -0.156061 -0.539353 -0.108091 -0.986906 0.119722 
0.980822 -0.194677 0.00940279 -0.369099 -0.074784 -0.926377 0.786201 -0.556686 -0.268308 -0.495636 -0.82735 0.264267 
0.964788 -0.193468 0.178196 -0.38926 -0.208906 -0.897126 0.763979 -0.617326 -0.187736 -0.5146 -0.758463 0.3999 
0.959159 -0.126305 0.253103 -0.781028 -0.362321 -0.508644 0.00125033 -0.815393 0.578907 -0.624495 0.451506 0.637297 
0.922455 -0.121197 0.366591 -0.588171 -0.443517 -0.676275 0.0737496 -0.862141 0.501272 -0.805367 0.244958 0.539796 
0.922448 -0.118821 0.367385 -0.494223 -0.494736 -0.714828 0.28537 -0.869033 0.40416 -0.821162 -0.0042453 0.570679 
0.926052 -0.0481322 0.374315 -0.514496 -0.514496 -0.685994 0.157003 -0.842997 0.514496 -0.842997 0.157003 0.514496 
0.893793 -0.237963 -0.380141 -0.191253 0.960283 -0.203174 -0.748327 -0.00870567 0.663273 0.63516 0.278894 0.72027 
0.93095 -0.108669 -0.348603 -0.211385 0.966692 -0.144302 -0.795231 -0.0842645 0.600422 0.568264 0.241674 0.786556 
0.957306 -0.0304658 0.287466 -0.739165 -0.508356 -0.441825 0.190756 -0.787138 0.586537 -0.645947 0.349267 0.678797 
0.862954 -0.446453 -0.236624 -0.634417 0.759401 -0.144309 -0.368472 -0.132986 0.920078 0.679517 0.636887 0.364187 
0.880549 -0.420953 -0.217789 -0.703002 0.703326 -0.105453 -0.285261 -0.143034 0.947717 0.651471 0.696329 0.301184 
0.875954 -0.481347 0.0317773 -0.622467 0.571288 -0.534944 -0.694851 -0.0888554 0.713644 0.360163 0.815926 0.452269 
0.890392 -0.453213 -0.0424385 -0.638892 0.574349 -0.511801 -0.67933 -0.109009 0.725691 0.361009 0.81132 0.459817 
0.892522 -0.206825 0.400784 -0.673626 -0.154215 -0.722804 -0.365521 -0.780492 0.507175 -0.642357 0.605846 0.469391 
0.97039 -0.209204 0.120737 -0.510891 -0.260336 -0.819277 0.740154 -0.617936 -0.265193 -0.437221 -0.741876 0.508387 
0.918141 -0.318754 0.235399 -0.149146 -0.111036 -0.982561 0.535716 -0.844281 0.0140911 -0.831122 -0.524272 0.185405 
0.927011 -0.33576 0.167079 -0.272628 -0.14319 -0.951405 0.548195 -0.835764 -0.0313011 -0.790668 -0.530089 0.306349 
0.889486 -0.455119 -0.0410096 -0.671388 0.593331 -0.444068 -0.560255 -0.0141102 0.8282 0.485131 0.804835 0.34189 
0.897971 -0.440034 -0.00434757 -0.661893 0.557489 -0.501102 -0.612136 -0.0161496 0.790588 0.432651 0.830028 0.351948 
0.943113 -0.0909106 0.319803 -0.760927 -0.459292 -0.458302 0.225129 -0.849354 0.477404 -0.608529 0.260093 0.749696 
0.908 -0.417777 0.0315927 -0.624055 0.541137 -0.563672 -0.673914 -0.0076409 0.738771 0.395469 0.840899 0.369448 
0.942978 -0.314463 -0.10911 -0.641112 0.588011 -0.493171 -0.696737 -0.17653 0.695266 0.321765 0.789354 0.522864 
0.867928 -0.477565 -0.136504 -0.667563 0.706958 -0.233602 -0.395261 -0.0706083 0.915851 0.630974 0.703722 0.326569 
0.86316 -0.475708 -0.169283 -0.650034 0.726078 -0.224203 -0.376469 -0.0514125 0.925002 0.660096 0.685688 0.306765 
0.894655 -0.412411 -0.171781 -0.645075 0.714472 -0.270939 -0.485904 -0.109899 0.867075 0.589725 0.690979 0.418058 
0.935233 -0.275057 0.222896 -0.515132 -0.297492 -0.803827 0.495865 -0.868392 0.00361249 -0.699112 -0.396729 0.594852 
0.902395 -0.116889 -0.414752 -0.0419858 0.997707 -0.0530888 -0.855017 -0.00838956 0.518532 0.516898 0.0671628 0.853409 
0.863616 -0.456913 -0.213066 -0.647831 0.742808 -0.16897 -0.351306 -0.0944997 0.931479 0.675943 0.662801 0.322173 
0.873888 -0.45538 -0.170142 -0.675495 0.703526 -0.220813 -0.396342 -0.0938996 0.913288 0.621787 0.704439 0.342265 
0.878697 -0.141632 -0.455885 0.00116115 0.999999 -0.00114253 -0.71812 0.00162896 0.695917 0.695918 1.24117e-05 0.718121 
0.891791 -0.452096 0.0178456 -0.601787 0.542882 -0.585774 -0.74176 -0.108041 0.661906 0.296049 0.83283 0.467706 
0.934797 -0.153849 -0.320134 -0.102332 0.976909 -0.187556 -0.858402 0.00855405 0.512906 0.502667 0.213485 0.837705 
0.893282 -0.224057 -0.389674 -0.00645933 0.987038 -0.160359 -0.858003 0.0768938 0.507856 0.513603 0.140869 0.846385 
0.88067 -0.136789 -0.453551 0 1 0 -0.723635 0 0.690182 0.690182 0 0.723635 
0.954 -0.206378 -0.217466 -0.380045 0.84102 -0.385035 -0.82141 -0.11548 0.558524 0.425266 0.528536 0.73471 
0.891813 -0.259619 -0.370497 -0.0078293 0.979214 -0.20268 -0.85967 0.0969422 0.501568 0.51079 0.178165 0.841041 
0.880772 -0.13654 -0.453429 0 1 0 -0.723926 0 0.689877 0.689877 0 0.723926 
0.93437 -0.0297564 -0.35506 0 1 0 -0.860835 0 0.508884 0.508884 0 0.860835 
0.93437 -0.0297564 -0.35506 0 1 0 -0.860835 0 0.508884 0.508884 0 0.860835 
0.919143 -0.35544 -0.169821 -0.748688 0.608418 -0.263236 -0.473207 -0.212399 0.854963 0.464264 0.764666 0.446928 
0.887929 -0.45066 -0.0921246 -0.741854 0.618904 -0.25809 -0.428639 -0.141694 0.892296 0.515676 0.772581 0.370402 
0.937774 -0.144246 -0.31587 -0.0916313 0.967468 -0.235815 -0.96194 -0.0247764 0.272134 0.257439 0.251776 0.932917 
0.959704 -0.241315 -0.143995 -0.416982 0.805622 -0.420831 -0.801695 -0.107835 0.587926 0.428266 0.582533 0.690828 
0.972945 -0.210261 -0.0957499 -0.263378 0.848329 -0.459314 -0.936912 -0.1115 0.331306 0.229843 0.517596 0.824176 
0.93065 -0.136762 -0.339393 -0.139996 0.974526 -0.175214 -0.832322 -0.0199735 0.553932 0.536321 0.223383 0.813916 
0.893631 -0.232756 -0.383729 -0.107239 0.964472 -0.241439 -0.841984 0.0410436 0.537939 0.528737 0.260976 0.807669 
0.932657 -0.0297396 -0.359537 0 1 0 -0.857946 0 0.513739 0.513739 0 0.857946 
0.932657 -0.0297396 -0.359537 0 1 0 -0.884004 0 0.46748 0.46748 0 0.884004 
0.77757 -0.502614 -0.377841 0.0771425 -0.109064 0.991037 -0.00422567 -0.994026 -0.109064 0.997011 0.00422567 -0.0771425 
0.506683 -0.722951 -0.469695 0.718406 0.695624 -5.88708e-17 -4.22931e-17 -4.0952e-17 -1 -0.695624 0.718406 -1.68199e-33 
0.888638 -0.149208 -0.433659 0.00240793 0.996296 -0.0859604 -0.854583 0.0466904 0.517212 0.519309 0.0722149 0.85153 
0.923842 -0.341537 -0.172822 -0.75586 0.602986 -0.255117 -0.453242 -0.200698 0.8685 0.472492 0.772094 0.424997 
0.939284 -0.320875 -0.121591 -0.480065 0.716151 -0.506623 -0.777572 -0.0800309 0.62368 0.406103 0.693342 0.595279 
0.984206 -0.137523 -0.111474 -0.177077 0.897895 -0.403023 -0.967736 -0.0842687 0.237455 0.179248 0.432068 0.883848 
0.892878 -0.216122 -0.395044 -0.162115 0.974339 -0.156147 -0.695401 -0.000538189 0.718622 0.700098 0.225084 0.677643 
0.897565 -0.193041 -0.396374 -0.128815 0.983267 -0.128815 -0.707107 -4.2686e-17 0.707107 0.695275 0.182172 0.695275 
0.892159 -0.204753 -0.402652 -0.0197944 0.97665 -0.213924 -0.924895 0.063373 0.374904 0.379707 0.205278 0.902044 
0.722608 -0.553156 -0.414556 0.163848 -0.0214111 0.986253 -0.00425007 -0.99977 -0.0209985 0.986476 -0.000751089 -0.163901 
0.508822 -0.670667 -0.539728 0.669722 0.73887 0.0744565 -0.00536821 0.105077 -0.99445 -0.742592 0.665605 0.074339 
0.927324 -0.174507 -0.331084 -0.0356522 0.973272 -0.22687 -0.952443 0.0356522 0.302623 0.302623 0.22687 0.925716 
0.953649 -0.183878 -0.238206 -0.288356 0.857742 -0.425593 -0.896733 -0.0860603 0.434125 0.335741 0.506825 0.793981 
0.977018 -0.15895 -0.142026 -0.120117 0.851903 -0.509738 -0.953707 0.0435764 0.297563 0.275708 0.521883 0.807232 
0.61828 -0.639348 -0.457126 0.510189 0.851652 0.119982 -0.0282071 0.155998 -0.987355 -0.8596 0.500353 0.103611 
0.975869 -0.211567 -0.0540285 -0.36001 0.743741 -0.563242 -0.900502 -0.119182 0.418201 0.243905 0.657757 0.712647 
0.968547 -0.0461028 -0.244521 -0.0793295 0.946445 -0.312967 -0.959523 0.0126094 0.281348 0.270227 0.322618 0.907136 
0.891873 -0.200829 -0.405254 -0.0240575 0.972585 -0.231298 -0.937298 0.058525 0.343581 0.347698 0.225061 0.910194 
0.89237 -0.207838 -0.400598 -0.0364351 0.980898 -0.191082 -0.854554 0.0685463 0.514819 0.518082 0.182048 0.835733 
0.89078 -0.166698 -0.422756 -0.0123424 0.99472 -0.101881 -0.851531 0.0429537 0.522541 0.524158 0.0932039 0.846505 
0.977188 -0.190611 -0.0936534 -0.170813 0.78444 -0.596219 -0.949729 0.0300508 0.311628 0.26237 0.619477 0.739872 
0.716344 -0.555129 0.42271 0.383398 -0.0182473 -0.923403 -0.0930003 -0.995486 -0.0189421 -0.918889 0.0931392 -0.383364 
0.675439 -0.524204 0.518645 0.516051 -0.0627534 -0.854256 -0.144665 -0.989371 -0.0147124 -0.844253 0.131173 -0.519644 
0.978507 0.109851 0.17452 0.296153 0.945163 -0.137694 -0.411727 -0.00375171 -0.911299 -0.861843 0.326577 0.388038 
0.972266 -0.141789 0.185994 -0.690119 0.698627 0.18883 0.188255 0.425243 -0.885284 -0.698782 -0.575403 -0.424989 
0.978886 -0.109386 -0.172675 -0.136639 0.913989 -0.382038 -0.942512 -0.00122428 0.334169 0.304959 0.405736 0.861614 
0.991721 0.044973 -0.120277 0.00522588 0.957875 -0.287138 -0.996394 -0.0193308 -0.0826206 -0.0846908 0.286535 0.954319 
0.953944 -0.00903286 0.299847 -0 0.99195 0.126632 0 0.126632 -0.99195 -1 0 -0 
0.68297 -0.590789 -0.429558 0.348061 0.928161 0.131796 -0.157939 0.196634 -0.967673 -0.924072 0.315993 0.215034 
0.664527 -0.562341 0.492114 0.600069 0.0199387 -0.7997 -0.0518354 -0.996619 -0.0637441 -0.798267 0.0797036 -0.597007 
0.611675 -0.63559 -0.47104 0.611746 0.787363 0.076323 0.0404372 0.0652311 -0.997051 -0.79002 0.613028 0.00806613 
0.510232 -0.691496 -0.511368 0.691677 0.719964 0.0568833 0.0228754 0.0568833 -0.998119 -0.721845 0.691677 0.0228754 
0.499543 -0.645081 -0.578211 0.712447 0.669966 0.208722 0.115019 0.181927 -0.976562 -0.692236 0.719755 0.052555 
0.688427 -0.549116 0.473855 0.523337 -0.00908057 -0.852077 -0.096822 -0.994101 -0.048873 -0.846607 0.108077 -0.52113 
0.444512 -0.303728 -0.842709 0.437026 0 0.899449 0.899449 0 -0.437026 0 1 0 
0.984423 0.0350079 -0.172295 -0 0.973689 -0.227881 -1 0 0 0 0.227881 0.973689 
0.577139 0.237213 -0.781435 0.193988 -0.742419 0.641235 0.321801 -0.569325 -0.756514 0.926721 0.353105 0.128469 
0.949582 -0.0305074 0.31203 0.0554239 0.978301 0.199637 0.005593 0.199637 -0.979854 -0.998447 0.0554239 0.005593 
0.960022 0.0585008 0.273745 0.19163 0.981312 -0.017454 2.03702e-05 -0.0177875 -0.999842 -0.981467 0.1916 -0.00342862 
0.970324 0.241531 -0.0115927 -0.226398 -0.514063 0.827335 0.681545 -0.690429 -0.242494 0.695874 0.508967 0.506669 
0.985044 0.169526 -0.0307971 -0.167485 -0.415898 0.893856 0.625988 -0.745303 -0.229485 0.761635 0.521108 0.385174 
0.652692 0.112763 -0.749185 0.210996 -0.356675 0.91009 0.836605 -0.415632 -0.356851 0.505543 0.836679 0.210699 
0.999534 -0.029986 0.00564348 -0.946678 0.291757 0.136673 0.0346313 0.513901 -0.85715 -0.320316 -0.806711 -0.496603 
0.996319 -0.0298896 -0.0803405 -0.968009 0.223854 0.113352 -0.000897079 0.448662 -0.893701 -0.250916 -0.865212 -0.434108 
0.984527 -0.0267682 0.173178 -0.951477 0.307112 -0.0193484 0.19672 0.558707 -0.805697 -0.236629 -0.770408 -0.592012 
0.999523 -0.0299857 -0.00734463 -0.950874 0.269652 0.152071 0.0156725 0.532524 -0.84627 -0.30918 -0.802313 -0.510589 
0.989275 0.145971 0.00522244 -0.402309 -0.232724 0.88543 0.508405 -0.861105 0.00467139 0.761362 0.452037 0.464749 
0.658782 -0.623637 -0.420812 0.422839 0.889698 0.172179 0.037328 0.172738 -0.98426 -0.905436 0.42261 0.0398297 
0.629475 -0.647301 -0.42984 0.507662 0.849748 0.142156 0.0680632 0.124927 -0.989829 -0.858864 0.512174 0.00558424 
0.576755 -0.0298321 -0.816373 0.00624165 -0.202409 0.979281 0.994444 -0.101649 -0.0273483 0.105079 0.974011 0.20065 
0.591078 0.0630942 -0.804143 -0.0319496 -0.355507 0.934128 0.984504 -0.172428 -0.0319496 0.172428 0.918631 0.355507 
0.962719 0.0466029 0.266457 0.19682 0.98044 0 0 0 -1 -0.98044 0.19682 0 
0.978376 0.111012 0.174519 0.182347 0.982861 -0.027089 -0.288208 0.027089 -0.957184 -0.940046 0.182347 0.288208 
0.97638 0.0729305 0.20338 -0.925792 0.187252 -0.3284 0.376459 0.377433 -0.846063 -0.0344781 -0.906907 -0.419917 
0.99967 -0.0117796 -0.0228138 -0.987282 0.158402 0.0135434 0.0697679 0.508239 -0.858385 -0.142853 -0.846523 -0.512827 
0.521828 0.297286 -0.799572 0.278575 -0.688719 0.669375 0.561578 -0.448591 -0.695267 0.779119 0.56959 0.261803 
0.579513 -0.0299748 -0.814412 -0.013218 -0.196724 0.98037 0.9911 -0.132463 -0.013218 0.132463 0.971469 0.196724 
0.912795 -0.268294 0.307934 -0.486023 -0.276639 -0.829007 0.0766113 -0.958414 0.274907 -0.870582 0.0701 0.487005 
0.979125 0.0967556 0.178752 0.275232 0.96134 -0.00853484 -0.488343 0.132155 -0.862587 -0.828111 0.24158 0.505837 
0.994484 0.0871572 0.0583527 0.151521 0.988432 -0.0066043 -0.517528 0.0736381 -0.852492 -0.842144 0.132589 0.522699 
0.7192 0.53524 -0.443024 -0.00749102 -0.989946 0.141251 0.0203047 -0.141376 -0.989748 0.999766 -0.00454616 0.0211596 
0.985735 0.124061 0.113736 0.167948 0.980299 -0.103961 -0.414224 -0.0255203 -0.909817 -0.894546 0.195865 0.401777 
0.811686 -0.452772 0.369003 -0.135195 -0.143275 -0.980405 0.00922665 -0.989629 0.14335 -0.990776 0.0103344 0.135115 
0.879906 -0.106567 0.463043 0.318541 0.947679 0.0208837 0.388437 -0.110404 -0.914837 -0.864666 0.299525 -0.403282 
0.87183 -0.347063 0.345629 -0.442163 -0.15491 -0.883456 -0.325206 -0.890261 0.318867 -0.835902 0.428297 0.343263 
0.855693 -0.344332 0.386297 -0.414313 -0.159749 -0.896005 -0.330446 -0.890892 0.311636 -0.848027 0.425197 0.31632 
0.908942 -0.257822 0.327647 -0.319908 -0.328835 -0.888553 0.133839 -0.944118 0.301212 -0.937948 -0.0225624 0.346042 
0.852864 -0.318757 0.413542 -0.313518 -0.33919 -0.886937 0.130632 -0.940554 0.313518 -0.940554 -0.0175692 0.33919 
0.992131 0.0790694 0.0970738 0.206764 0.971868 -0.112787 -0.512559 0.00940466 -0.8586 -0.833386 0.235337 0.500085 
0.883514 -0.127308 0.450773 -0.323191 -0.499464 -0.803793 0.092351 -0.861968 0.498481 -0.941817 0.0868734 0.324706 
0.914931 -0.0924261 0.392885 -0.336751 -0.537905 -0.772824 0.16213 -0.841628 0.515148 -0.92753 0.0481789 0.37063 
0.999009 -0.0299703 0.0329188 -0.702157 -0 -0.712022 0.712022 0 -0.702157 0 -1 0 
0.953272 0.0526896 0.297482 0.254865 0.962197 -0.0960202 0.0960202 -0.123992 -0.987627 -0.962197 0.242492 -0.123992 
0.713461 0.540799 -0.445544 -0.0056544 -0.994296 0.106502 0.105584 -0.106502 -0.988691 0.994394 0.0056544 0.105584 
0.709895 0.480634 -0.51482 0.00505263 -0.98196 0.189022 0.14156 -0.186418 -0.972219 0.989917 0.0316703 0.138065 
0.910842 -0.278868 0.304301 -0.495842 -0.273809 -0.824117 0.129315 -0.961692 0.241714 -0.858731 0.0132814 0.512255 
0.893101 -0.295124 0.339519 -0.496997 -0.238777 -0.834254 0.11413 -0.971032 0.209933 -0.860214 0.00912217 0.509851 
0.78311 -0.496489 -0.374483 -0.00969963 -0.0897192 0.99592 -0.213288 -0.972861 -0.0897192 0.976941 -0.213288 -0.00969963 
0.961529 0.0490752 0.270283 -0.822341 -0.43161 -0.370768 0.27145 -0.870273 0.411023 -0.500071 0.237356 0.832821 
0.989985 0.113266 0.0842597 -0.877045 -0.462839 -0.128734 0.359633 -0.810212 0.462839 -0.318522 0.359633 0.877045 
0.844375 -0.428238 -0.321937 -0.0242517 -0.120823 0.992378 -0.109242 -0.986405 -0.122766 0.993719 -0.111387 0.0107231 
0.907489 -0.320941 0.271038 -0.704695 -0.00625939 -0.709483 -0.499811 -0.705352 0.50266 -0.503582 0.708829 0.493929 
0.889054 -0.283304 0.359615 -0.618127 -0.025775 -0.785655 -0.603445 -0.624947 0.495273 -0.503758 0.780242 0.370743 
0.865104 -0.235988 0.442612 -0.536809 -0.166028 -0.827207 -0.667679 -0.515791 0.536809 -0.515791 0.840473 0.166028 
0.862901 -0.236165 0.446797 -0.529372 -0.162994 -0.832585 -0.673895 -0.515394 0.529372 -0.515394 0.84131 0.162994 
0.989568 0.139548 0.0357931 -0.87958 -0.455162 0.138442 0.456168 -0.72425 0.517081 -0.135089 0.517967 0.844666 
0.959443 0.1134 0.258088 -0.776935 -0.539009 -0.325331 0.400537 -0.821857 0.405118 -0.485739 0.184444 0.854423 
0.984005 0.139005 0.111405 -0.832042 -0.531983 -0.15716 0.382516 -0.75543 0.531983 -0.40173 0.382516 0.832042 
0.89359 -0.227917 0.386717 -0.645159 -0.161072 -0.746877 -0.298289 -0.846854 0.440298 -0.703416 0.506847 0.498309 
0.934511 -0.170853 0.312248 -0.755865 -0.200682 -0.623213 -0.200682 -0.835037 0.512288 -0.623213 0.512288 0.590903 
0.919599 -0.0304471 0.391676 -0.615006 -0.264605 -0.7428 -0.485674 -0.615006 0.621199 -0.621199 0.7428 0.249721 
0.867571 -0.280572 0.410608 -0.603348 0.00763058 -0.797442 -0.734609 -0.394474 0.552033 -0.310358 0.918875 0.243611 
0.893852 -0.276247 0.353151 -0.635964 0.00688165 -0.771688 -0.712954 -0.387976 0.584099 -0.295377 0.921644 0.251645 
0.908758 -0.318338 0.269853 -0.712453 -0.0076057 -0.701679 -0.4929 -0.706299 0.508125 -0.49946 0.707873 0.499456 
0.927581 -0.147672 0.3432 -0.696383 -0.29525 -0.654124 -0.210943 -0.786985 0.57979 -0.685969 0.54174 0.485763 
0.614469 0.290177 -0.733638 0.0288692 -0.297265 0.954358 -0.999574 -0.00439112 0.0288692 -0.00439112 -0.954785 -0.297265 
0.626425 0.761107 -0.168252 -0.0141267 -0.853245 0.521319 -0.980447 -0.090522 -0.174726 0.196275 -0.513594 -0.835283 
0.590937 0.803435 -0.0727032 -0.00597937 -0.868331 0.495949 -0.978104 -0.0980979 -0.183547 0.208031 -0.486187 -0.848732 
0.826694 -0.504388 -0.249339 0 0 1 -0.19016 -0.981753 0 0.981753 -0.19016 0 
0.673427 0.734777 -0.081235 0.0655094 -0.741804 0.667409 -0.988416 -0.140004 -0.0585918 0.136903 -0.655839 -0.742383 
0.588576 0.800395 -0.113785 0.160384 -0.779231 0.605868 -0.97408 -0.224147 -0.0304286 0.159515 -0.585283 -0.794983 
0.666318 0.629472 -0.399732 0.0840573 -0.533762 0.841447 -0.994961 -0.0912753 0.0414933 0.0546557 -0.840694 -0.538745 
0.598319 0.674566 -0.432407 0.325725 -0.492953 0.806784 -0.945379 -0.158353 0.284925 -0.012698 -0.855524 -0.517607 
0.579548 0.725612 -0.370961 0.511762 -0.438844 0.73859 -0.859125 -0.263287 0.438844 0.00187642 -0.859125 -0.511762 
0.542948 0.752788 -0.372179 0.510421 -0.453599 0.73056 -0.859925 -0.269712 0.433342 0.000476997 -0.849413 -0.527728 
0.59679 0.329146 -0.731782 0.105813 -0.30317 0.947044 -0.99425 -0.0164759 0.105813 -0.0164759 -0.952794 -0.30317 
0.670244 0.593366 -0.445747 0.0966079 -0.468218 0.878316 -0.994246 -0.0864334 0.0632828 0.0462857 -0.879375 -0.473874 
0.578752 0.66511 -0.471884 0.391805 -0.416567 0.820342 -0.919784 -0.155978 0.360095 -0.0220486 -0.895624 -0.444264 
0.532432 0.740078 -0.410854 0.556853 -0.391967 0.732309 -0.830604 -0.266411 0.489001 0.00342277 -0.88056 -0.473922 
0.602147 0.673163 -0.429269 0.530903 -0.28086 0.799537 -0.843866 -0.26168 0.468416 0.077664 -0.923386 -0.375935 
0.658576 0.464378 -0.592141 0 -0.431927 0.901909 -1 0 0 0 -0.901909 -0.431927 
0.59403 0.45499 -0.66341 0.0665681 -0.46109 0.884853 -0.997711 -0.0202201 0.064522 -0.0118587 -0.887123 -0.461381 
0.463878 0.560862 -0.685749 0.538278 -0.20498 0.81746 -0.842733 -0.122137 0.524294 -0.00762806 -0.971116 -0.238487 
0.607084 0.491717 -0.62423 0.541119 -0.126685 0.831349 -0.840868 -0.0950143 0.532836 0.0114875 -0.987382 -0.15794 
0.906486 -0.322005 0.273122 -0.702593 -0.003393 -0.711584 -0.504682 -0.702593 0.501656 -0.501656 0.711584 0.491925 
0.883948 -0.275059 0.378125 -0.647462 -0.0460269 -0.760707 -0.560567 -0.647462 0.516292 -0.516292 0.760707 0.393406 
0.601085 0.683313 -0.414463 0.0919223 -0.687811 0.720046 -0.995766 -0.0642343 0.0657625 0.00101948 -0.723042 -0.690803 
0.961009 0.0419449 0.273319 -0.752628 -0.423886 -0.503857 -0.0790253 -0.70154 0.708235 -0.653687 0.572855 0.494501 
0.95308 0.0818621 0.29144 -0.707107 -0.5 -0.5 -1.11022e-16 -0.707107 0.707107 -0.707107 0.5 0.5 
0.590595 0.803 -0.0799242 0.0182999 -0.868577 0.495216 -0.987381 -0.0936236 -0.127723 0.157301 -0.48663 -0.85933 
0.607551 0.788468 -0.0959158 0.014951 -0.868218 0.495957 -0.991082 -0.0785517 -0.107635 0.132409 -0.489925 -0.86165 
0.656866 0.740074 -0.144285 -0.0696794 -0.820314 0.567653 -0.977156 -0.0584003 -0.20434 0.200774 -0.568924 -0.797505 
0.942489 -0.169974 0.28779 -0.793086 -0.175736 -0.583209 -0.329968 -0.68086 0.653874 -0.511992 0.711018 0.481993 
0.939148 -0.211004 0.27107 -0.779142 -0.185753 -0.598693 -0.301013 -0.726891 0.617268 -0.549844 0.661154 0.510438 
0.661014 0.606479 -0.441864 -1.50295e-17 -0.592436 0.805618 -1 3.61591e-17 7.93481e-18 -3.38312e-17 -0.805618 -0.592436 
0.600964 0.679749 -0.420456 0.0410659 -0.720144 0.692608 -0.983183 -0.152582 -0.100353 0.177948 -0.676839 -0.714299 
0.691786 0.652314 -0.309708 0 -0.707107 0.707107 -1 -0 0 0 -0.707107 -0.707107 
0.87795 -0.250104 0.408231 -0.575052 -0.124659 -0.808564 -0.580768 -0.633892 0.510773 -0.576215 0.763309 0.292123 
0.866948 -0.263358 0.423134 -0.554633 -0.141474 -0.81998 -0.569496 -0.653939 0.498033 -0.606676 0.743201 0.282127 
0.960348 -0.143805 0.238854 -0.813572 -0.0958247 -0.573514 -0.490211 -0.417427 0.765145 -0.31272 0.903644 0.292633 
0.840367 -0.461805 -0.283759 -0.00411144 -0.0490598 0.998787 -0.16634 -0.984847 -0.0490598 0.98606 -0.16634 -0.00411144 
0.907548 -0.20781 0.364927 -0.660029 -0.216431 -0.719388 -0.274712 -0.821744 0.499269 -0.69921 0.527157 0.482919 
0.893167 -0.218156 0.39327 -0.634374 -0.184731 -0.750629 -0.305927 -0.831755 0.463242 -0.709914 0.523506 0.47113 
0.663081 0.74493 -0.0735043 -0.0612379 -0.883944 0.463565 -0.971776 -0.0532051 -0.229827 0.227819 -0.464555 -0.855738 
0.591429 0.804055 -0.0608924 -0.070787 -0.916963 0.392643 -0.952505 -0.0547415 -0.299562 0.296181 -0.3952 -0.869537 
0.626212 0.756097 -0.1902 -0.00445416 -0.843418 0.53724 -0.983907 -0.0922692 -0.153012 0.178623 -0.529276 -0.829434 
0.964717 0.0433921 0.259688 -0.75363 -0.421986 -0.503953 -0.0809184 -0.701308 0.708251 -0.652298 0.574538 0.494381 
0.87976 -0.275733 0.387289 -0.530101 -0.0216564 -0.847658 -0.773813 -0.396396 0.494048 -0.346708 0.917824 0.193372 
0.854445 -0.299382 0.42461 -0.514541 -0.00837179 -0.857425 -0.800584 -0.353444 0.483882 -0.307103 0.935418 0.175159 
0.88831 -0.226268 0.399636 -0.541429 -0.0919293 -0.835706 -0.677178 -0.541429 0.498282 -0.498282 0.835706 0.230892 
0.860244 -0.314041 0.401695 -0.537727 -0.0121269 -0.843032 -0.680275 -0.584447 0.44232 -0.498072 0.811341 0.306023 
0.643527 0.723834 -0.248874 -0.146248 -0.831235 0.53634 -0.967807 0.00795751 -0.251567 0.204843 -0.555864 -0.805639 
0.646876 0.744383 -0.165666 -0.11282 -0.861162 0.495653 -0.957986 -0.0381112 -0.284272 0.263694 -0.5069 -0.820681 
0.628212 0.432502 -0.646755 -1.68748e-17 -0.476444 0.879205 -1 7.55533e-16 3.90232e-16 -8.50192e-16 -0.879205 -0.476444 
0.952534 0.0798106 0.293786 -0.707107 -0.5 -0.5 1.66533e-16 -0.707107 0.707107 -0.707107 0.5 0.5 
0.883993 -0.130305 0.448973 -0.386418 -0.464994 -0.796531 -0.00471244 -0.862607 0.505853 -0.922312 0.199224 0.331135 
0.893345 -0.129045 0.430444 -0.298538 -0.489378 -0.819381 0.0107187 -0.860197 0.50985 -0.954338 0.143427 0.262046 
0.609914 0.790463 -0.056326 0.026999 -0.914305 0.404126 -0.987724 -0.0866237 -0.129991 0.153858 -0.395656 -0.905419 
0.58373 0.792616 0.176125 0.1154 -0.942966 0.312248 -0.985628 -0.147745 -0.0819123 0.123373 -0.298308 -0.946463 
0.592136 0.804924 -0.0383621 0.0352202 -0.924211 0.380255 -0.981949 -0.102757 -0.1588 0.185839 -0.367798 -0.911147 
0.58373 0.792616 0.176125 0.118342 -0.940812 0.317597 -0.98499 -0.151698 -0.0823507 0.125655 -0.303085 -0.944643 
0.914892 -0.0117487 0.403527 -0.509505 -0.492019 -0.70592 0.00143447 -0.820875 0.571106 -0.860466 0.289969 0.418946 
0.77122 -0.509703 -0.381344 -0.000349857 -0.0534534 0.99857 -0.0130802 -0.998485 -0.0534534 0.999914 -0.0130802 -0.000349857 
0.905495 0.0417413 0.422298 -0.492347 -0.540067 -0.682585 -0.0414781 -0.768772 0.638177 -0.86941 0.342517 0.356101 
0.654385 0.752715 -0.0721162 0.00482936 -0.856912 0.51544 -0.976228 -0.115735 -0.183262 0.216694 -0.502302 -0.8371 
0.591256 0.803838 -0.0652704 0.0215668 -0.856742 0.515294 -0.975521 -0.130856 -0.176736 0.218846 -0.498869 -0.838592 
0.954438 0.0732235 0.289287 -0.707107 -0.5 -0.5 -3.33067e-16 -0.707107 0.707107 -0.707107 0.5 0.5 
0.99339 0.104426 0.0476589 -0.944311 -0.261821 -0.199314 0.0167976 -0.643286 0.765441 -0.328625 0.719467 0.61186 
0.959503 0.0761951 0.271198 -0.707107 -0.5 -0.5 -1.11022e-16 -0.707107 0.707107 -0.707107 0.5 0.5 
0.805598 -0.331984 0.490712 -0.318645 -0.211945 -0.923875 -0.602512 -0.707146 0.370032 -0.731741 0.674554 0.0976291 
0.855522 -0.245097 0.45608 -0.339731 -0.28842 -0.895208 -0.527034 -0.729962 0.43519 -0.778985 0.619653 0.0959835 
0.863099 -0.178794 0.472326 -0.50716 -0.371278 -0.777779 -0.287658 -0.777779 0.558849 -0.812429 0.50716 0.287658 
0.915634 -0.00405172 0.401992 -0.510127 -0.472074 -0.718969 -0.25613 -0.714611 0.650944 -0.821077 0.516214 0.24363 
0.887174 -0.252471 0.386239 -0.512642 -0.273023 -0.814037 -0.000716969 -0.947959 0.318391 -0.858602 0.163804 0.485768 
0.919003 0.0124127 0.394055 -0.544277 -0.517623 -0.660173 -0.00655249 -0.784298 0.620349 -0.83888 0.341968 0.423484 
0.964997 0.024295 0.261134 -0.761663 -0.440333 -0.475369 0.00588111 -0.738292 0.674455 -0.647946 0.510912 0.56492 
0.918349 0.0250341 0.394979 -0.476172 -0.458056 -0.75063 -0.134019 -0.805842 0.576765 -0.869079 0.375238 0.322331 
0.637773 0.750898 -0.171459 -0.14243 -0.893136 0.426639 -0.932122 -0.0239652 -0.361352 0.332961 -0.449147 -0.829098 
0.614092 0.788889 -0.0233713 0.173164 -0.843178 0.508984 -0.984891 -0.149326 0.0877029 0.00205532 -0.516481 -0.856296 
0.959503 0.0761951 0.271198 -0.707107 -0.5 -0.5 5.55112e-17 -0.707107 0.707107 -0.707107 0.5 0.5 
0.856384 -0.235192 0.459664 -0.367069 -0.315317 -0.875121 -0.397487 -0.797403 0.45404 -0.84099 0.514513 0.167367 
0.957647 -0.135269 0.254195 -0.809359 -0.302641 -0.503335 -0.0720346 -0.799388 0.596481 -0.582879 0.519025 0.625191 
0.85897 -0.20621 0.468666 -0.39728 -0.372236 -0.838814 -0.356277 -0.779786 0.514782 -0.845716 0.503363 0.177174 
0.581161 0.811852 -0.0561073 0.215669 -0.832948 0.509592 -0.975613 -0.205625 0.0767952 0.0408185 -0.513727 -0.856982 
0.601405 0.791745 -0.107015 0.137273 -0.841138 0.523109 -0.989644 -0.138832 0.036464 0.0419531 -0.522697 -0.851486 
0.85028 -0.256856 0.459401 -0.389875 -0.134808 -0.910947 -0.75039 -0.526888 0.39913 -0.533773 0.839176 0.104262 
0.873377 -0.210916 0.439007 -0.435254 -0.145781 -0.888427 -0.733189 -0.515283 0.443753 -0.522482 0.84453 0.117394 
0.583691 0.809731 -0.060335 0.198861 -0.833762 0.515068 -0.979988 -0.173896 0.0968683 0.00880299 -0.524024 -0.851658 
0.559663 0.828716 -0.00271179 0.485727 -0.663582 0.568971 -0.871525 -0.417677 0.256886 0.0671808 -0.620649 -0.781205 
0.586396 0.810004 -0.00580763 0.538452 -0.644484 0.542871 -0.842656 -0.412466 0.346126 0.000843303 -0.643826 -0.765172 
0.6654 0.669351 -0.330472 -0.204626 -0.783396 0.586872 -0.936076 -0.0186666 -0.351301 0.286163 -0.621242 -0.729499 
0.581535 0.698631 -0.416812 -0.0339306 -0.71388 0.699446 -0.977822 -0.12101 -0.170942 0.206673 -0.689733 -0.693941 
0.671341 0.504371 -0.543057 -0.189074 -0.62102 0.760647 -0.968161 -0.011522 -0.250063 0.164058 -0.78371 -0.599069 
0.849222 -0.26171 0.458617 -0.383376 -0.10049 -0.918109 -0.827063 -0.405097 0.389697 -0.411084 0.908734 0.0721926 
0.877712 -0.250881 0.408264 -0.492208 -0.0749279 -0.867247 -0.772335 -0.421978 0.474798 -0.401535 0.903504 0.149832 
0.815692 -0.283631 0.504182 -0.265199 -0.289553 -0.919689 -0.432978 -0.816498 0.381917 -0.86151 0.499489 0.0911641 
0.601183 0.252677 -0.758111 -0.109506 -0.38848 0.914927 -0.989001 -0.0494867 -0.139384 0.0994244 -0.920127 -0.378788 
0.652935 0.45279 -0.607171 0 -0.44545 0.895307 -1 -0 0 0 -0.895307 -0.44545 
0.527934 0.792085 0.30641 0.575099 -0.766407 0.286151 -0.81797 -0.532857 0.216768 -0.0136554 -0.358726 -0.933343 
0.859309 -0.183715 0.477323 -0.367456 -0.323617 -0.871922 -0.530644 -0.696983 0.482319 -0.763802 0.639911 0.0843848 
0.916375 -0.236514 0.322983 -0.608196 -0.270934 -0.746118 -0.23642 -0.835462 0.496093 -0.757762 0.478119 0.444071 
0.957791 0.0525681 0.282617 -0.780631 -0.508941 -0.362758 0.291538 -0.809929 0.508941 -0.552829 0.291538 0.780631 
0.97767 0.162654 0.133062 -0.777611 -0.566959 -0.271807 0.368506 -0.761235 0.533596 -0.509436 0.314767 0.800872 
0.890632 0.454604 0.0104554 -0.609232 -0.759065 -0.229471 0.515684 -0.599064 0.61253 -0.602418 0.254838 0.756406 
0.888222 -0.160558 0.430445 -0.493012 -0.432382 -0.754973 -0.0151054 -0.863378 0.504331 -0.869891 0.260045 0.419124 
0.85972 -0.166237 0.482957 -0.42792 -0.294551 -0.854473 -0.544766 -0.670318 0.503889 -0.72119 0.681111 0.126381 
0.656009 0.734773 -0.172514 -0.134267 -0.852773 0.504728 -0.956997 -0.0205897 -0.289367 0.257156 -0.521875 -0.813337 
0.6794 0.285795 -0.675823 -0.317239 -0.533084 0.784334 -0.894484 -0.10656 -0.434217 0.315053 -0.839325 -0.44303 
0.57618 0.814599 0.0666704 0.51111 -0.724881 0.46186 -0.859515 -0.430851 0.274956 -0.000317728 -0.537509 -0.843258 
0.550475 0.832925 0.056685 0.511762 -0.73859 0.438844 -0.859125 -0.438844 0.263287 -0.00187642 -0.511762 -0.859125 
0.533484 0.805461 0.258124 0.514255 -0.793685 0.324972 -0.857616 -0.47321 0.201413 -0.00607835 -0.382278 -0.924027 
0.547305 0.828585 0.117917 0.50117 -0.74448 0.44111 -0.865348 -0.430407 0.256755 -0.00129198 -0.510391 -0.859941 
