0.951755 -0.263245 0.157688 -0.53464 0.791467 0.29621 0.29621 0.503782 -0.811457 -0.791467 -0.346097 -0.503782 
0.964385 -0.225818 0.137723 -0.5699 0.752741 0.329537 0.177352 0.504262 -0.845143 -0.802347 -0.423203 -0.420879 
0.972037 -0.219386 0.0837447 -0.596048 0.723782 0.347658 0.120573 0.508747 -0.852431 -0.793845 -0.466172 -0.390506 
0.967732 -0.186252 0.169722 -0.659563 0.702866 0.266375 0.199474 0.505357 -0.839538 -0.724697 -0.500594 -0.473518 
0.971022 -0.21348 0.107441 -0.68687 0.660149 0.303995 0.178081 0.558398 -0.810234 -0.704625 -0.50239 -0.501107 
0.970522 -0.215144 0.108627 -0.686993 0.68185 0.251241 0.226198 0.529229 -0.817772 -0.690562 -0.504973 -0.517809 
0.967508 -0.198816 0.156208 -0.655523 0.712174 0.251191 0.225232 0.501866 -0.835105 -0.720805 -0.490854 -0.48939 
0.96765 -0.208072 0.142683 -0.667546 0.70956 0.225625 0.251096 0.499813 -0.828938 -0.700951 -0.496701 -0.511816 
0.956876 -0.262797 0.123799 -0.531462 0.786757 0.313946 0.255941 0.502441 -0.825862 -0.807492 -0.358562 -0.468391 
0.967721 -0.207127 0.143576 -0.676875 0.705144 0.211216 0.263404 0.499966 -0.825017 -0.687356 -0.502798 -0.524152 
0.955182 -0.255522 0.149453 -0.537106 0.787949 0.301088 0.270139 0.498824 -0.823529 -0.799088 -0.360986 -0.480777 
0.957229 -0.172758 0.232092 -0.611095 0.763239 0.209831 0.275606 0.45366 -0.847487 -0.742027 -0.460064 -0.487583 
0.949209 -0.166918 0.266722 -0.609617 0.778698 0.14831 0.34734 0.430581 -0.83304 -0.712546 -0.456322 -0.532962 
0.959579 -0.188148 0.209303 -0.618616 0.749818 0.234706 0.256554 0.475125 -0.841687 -0.742627 -0.460466 -0.486289 
0.965603 -0.188398 0.179213 -0.649753 0.721947 0.237934 0.235199 0.488591 -0.840214 -0.722843 -0.48997 -0.487265 
0.965076 -0.191052 0.179242 -0.645347 0.722901 0.246861 0.232365 0.493623 -0.838059 -0.72769 -0.483477 -0.486535 
0.959436 -0.18176 0.215511 -0.647356 0.738825 0.187264 0.294845 0.469312 -0.832353 -0.702849 -0.483615 -0.521651 
0.952515 -0.230473 0.198992 -0.53285 0.80377 0.264622 0.29292 0.468579 -0.833445 -0.793895 -0.366588 -0.485123 
0.952488 -0.221202 0.20937 -0.562149 0.792066 0.237949 0.3034 0.465159 -0.83161 -0.769374 -0.395295 -0.501802 
0.954566 -0.23784 0.179541 -0.554854 0.786116 0.27232 0.293179 0.491089 -0.820291 -0.778577 -0.375304 -0.502956 
0.960843 -0.192228 0.199571 -0.606961 0.755587 0.246347 0.245298 0.472954 -0.846253 -0.755928 -0.453214 -0.472408 
0.960944 -0.1834 0.207245 -0.613419 0.751192 0.243778 0.237349 0.469757 -0.850291 -0.753248 -0.463724 -0.466453 
0.971073 -0.231442 0.0587536 -0.624544 0.707136 0.331517 0.110631 0.500307 -0.858751 -0.773114 -0.499652 -0.390695 
0.963556 -0.192573 0.185675 -0.616086 0.745176 0.255247 0.229985 0.480106 -0.846526 -0.753356 -0.462829 -0.467165 
0.95806 -0.186379 0.217681 -0.575088 0.767245 0.283915 0.207951 0.472744 -0.856312 -0.79122 -0.433414 -0.431419 
0.960487 -0.191177 0.202276 -0.611283 0.753824 0.241001 0.250496 0.473157 -0.844615 -0.750723 -0.455929 -0.478063 
0.961746 -0.247278 0.117894 -0.595311 0.75072 0.286399 0.250322 0.511984 -0.821713 -0.763507 -0.417483 -0.492711 
0.97241 -0.225823 0.058513 -0.553048 0.75029 0.362219 0.101687 0.492296 -0.864468 -0.826921 -0.441259 -0.348558 
0.949128 -0.174605 0.262047 -0.505194 0.833933 0.222115 0.290505 0.406683 -0.86615 -0.812641 -0.373049 -0.447715 
0.9488 -0.260369 0.178846 -0.50939 0.811601 0.286052 0.31563 0.485456 -0.815298 -0.800562 -0.325018 -0.503452 
0.967878 -0.196879 0.156369 -0.670402 0.703922 0.234641 0.234641 0.50112 -0.83296 -0.703922 -0.503361 -0.50112 
0.970884 -0.19458 0.139726 -0.653677 0.710593 0.260314 0.199534 0.49364 -0.846466 -0.729995 -0.501374 -0.464469 
0.965948 -0.186641 0.179193 -0.650799 0.716375 0.251532 0.221349 0.495916 -0.839686 -0.726268 -0.49079 -0.48131 
0.664724 0.743204 0.076088 0.465386 -0.465386 -0.752883 0.532368 -0.532368 0.658155 -0.707107 -0.707107 -9.49721e-17 
0.670261 0.737923 0.0788625 0.462364 -0.478925 -0.746224 0.518764 -0.536408 0.665695 -0.719099 -0.694908 0.000433296 
0.675545 0.73316 0.0782043 0.467639 -0.494467 -0.732677 0.493885 -0.54127 0.680518 -0.73307 -0.680095 -0.00890864 
0.959747 -0.264929 0.0932619 -0.464527 0.782974 0.413724 0.145535 0.528335 -0.83647 -0.873518 -0.328351 -0.359376 
0.945331 -0.166102 0.280642 -0.462903 0.861968 0.206716 0.305203 0.373936 -0.875798 -0.832209 -0.342319 -0.436172 
0.946364 -0.28579 0.150727 -0.401263 0.823404 0.40124 0.22085 0.512102 -0.830047 -0.888939 -0.244453 -0.387336 
0.950497 -0.270701 0.152566 -0.502682 0.802761 0.320759 0.279524 0.502051 -0.81842 -0.818033 -0.321745 -0.476763 
0.921985 -0.270217 0.277355 -0.281982 0.927434 0.245668 0.431479 0.35129 -0.830916 -0.85692 -0.128302 -0.499226 
0.934768 -0.301357 0.188131 -0.355687 0.860683 0.364297 0.303904 0.475114 -0.825778 -0.883815 -0.183007 -0.430557 
0.941055 -0.29408 0.167129 -0.404803 0.836643 0.369003 0.277719 0.496972 -0.822126 -0.87121 -0.23032 -0.433527 
0.942719 -0.204335 0.263681 -0.506925 0.835729 0.211152 0.343109 0.420347 -0.839991 -0.790762 -0.353364 -0.49983 
0.945208 -0.285899 0.157619 -0.413288 0.828215 0.378488 0.248653 0.502495 -0.828052 -0.875994 -0.248111 -0.413613 
0.969477 -0.235147 0.0694215 -0.50573 0.751392 0.423848 0.0628631 0.5221 -0.850564 -0.860398 -0.403512 -0.311277 
0.942388 -0.157498 0.295124 -0.302233 0.923778 0.235136 0.231015 0.310301 -0.922142 -0.924817 -0.224382 -0.30719 
0.908244 -0.128079 0.398358 -0.0456273 0.991656 0.120568 0.384598 0.128829 -0.91405 -0.921956 0.00466466 -0.387267 
0.89284 -0.257879 0.369235 -0.126248 0.968102 0.216427 0.486959 0.250558 -0.836715 -0.864253 -0.00024275 -0.503058 
0.954582 -0.213593 0.207727 -0.483349 0.822092 0.300895 0.235226 0.453034 -0.8599 -0.843233 -0.344854 -0.412351 
0.96551 -0.234336 0.113481 -0.467929 0.799867 0.375839 0.0954359 0.468516 -0.878285 -0.878598 -0.375107 -0.295569 
0.945158 -0.244461 0.2166 -0.345345 0.873157 0.343996 0.247557 0.438322 -0.864054 -0.905236 -0.213238 -0.367528 
0.945893 -0.281041 0.162182 -0.409452 0.830088 0.378555 0.24265 0.49907 -0.831896 -0.879472 -0.248765 -0.405766 
0.936554 -0.111035 0.332473 -0.169805 0.968602 0.181596 0.252071 0.220832 -0.942175 -0.952694 -0.114211 -0.281654 
0.910723 -0.24256 0.334288 -0.163874 0.959442 0.229381 0.397166 0.277015 -0.874941 -0.902998 -0.0522782 -0.426453 
0.894119 -0.256135 0.367349 -0.142024 0.964868 0.221041 0.482726 0.262463 -0.835517 -0.864178 -0.011961 -0.503043 
0.944075 -0.276836 0.179118 -0.479025 0.822915 0.305526 0.322392 0.488665 -0.810722 -0.816455 -0.289857 -0.499384 
0.943003 -0.276924 0.184551 -0.470768 0.831918 0.293751 0.333211 0.475949 -0.813906 -0.816914 -0.28528 -0.501266 
0.947334 -0.274247 0.16537 -0.460655 0.823563 0.33097 0.280206 0.48876 -0.826195 -0.842188 -0.287851 -0.455917 
0.946525 -0.268234 0.179279 -0.45046 0.829834 0.329335 0.281332 0.482023 -0.829763 -0.847312 -0.281123 -0.450591 
0.89167 -0.221892 0.394574 -0.106903 0.976579 0.186724 0.488716 0.215159 -0.845496 -0.865869 0.000868587 -0.50027 
0.892521 -0.254344 0.372444 -0.126248 0.968102 0.216427 0.486959 0.250558 -0.836715 -0.864253 -0.00024275 -0.503058 
0.939636 -0.149202 0.307932 -0.246919 0.942781 0.224044 0.224044 0.28048 -0.933346 -0.942781 -0.180265 -0.28048 
0.897892 -0.293599 0.328007 -0.15205 0.95238 0.264297 0.473924 0.304913 -0.82609 -0.867339 -0.000350386 -0.497718 
0.91469 -0.226395 0.334796 -0.233556 0.93838 0.254746 0.384845 0.329808 -0.862045 -0.892942 -0.103298 -0.438159 
0.948624 -0.225145 0.22231 -0.376012 0.88816 0.264172 0.264172 0.376012 -0.88816 -0.88816 -0.264172 -0.376012 
0.941419 -0.185887 0.281383 -0.160791 0.931324 0.326775 0.169683 0.352238 -0.9204 -0.972293 -0.0925439 -0.214667 
0.941488 -0.124509 0.313205 -0.188995 0.95675 0.221157 0.165741 0.253064 -0.953146 -0.96789 -0.143485 -0.206401 
0.904275 -0.24043 0.352817 -0.207638 0.956723 0.203878 0.457066 0.279159 -0.844489 -0.864856 -0.0821624 -0.49525 
0.89348 -0.287103 0.345348 -0.146038 0.960062 0.238651 0.498859 0.279787 -0.82028 -0.854291 -0.000739356 -0.519795 
0.939161 -0.123104 0.320659 -0.191417 0.961314 0.198076 0.19813 0.235498 -0.951465 -0.961303 -0.142882 -0.235544 
0.922564 -0.213272 0.321544 -0.385215 0.907464 0.167685 0.438594 0.339908 -0.831924 -0.811939 -0.246924 -0.528946 
0.938063 -0.227901 0.260957 -0.224185 0.922709 0.313606 0.253402 0.36592 -0.895483 -0.941025 -0.121285 -0.31585 
0.937171 -0.292095 0.190762 -0.434839 0.856924 0.27676 0.368116 0.449639 -0.813828 -0.82183 -0.252005 -0.510968 
0.946969 -0.0760859 0.312185 0.114788 0.977476 0.177102 0.0245862 0.175431 -0.984185 -0.993086 0.117327 -0.00389509 
0.957988 0.000897941 0.286806 0.116602 0.98894 0.091666 0.00537393 0.091666 -0.995775 -0.993164 0.116602 0.00537393 
0.900048 -0.33535 0.278305 -0.209101 0.938907 0.27337 0.503037 0.343001 -0.793287 -0.838588 -0.0283615 -0.544027 
0.975405 -0.12268 0.183127 -0.819756 0.567882 0.0742307 0.275253 0.504324 -0.81847 -0.502231 -0.650513 -0.569734 
0.978423 -0.109555 0.175174 -0.834249 0.540122 0.110893 0.225175 0.51731 -0.825643 -0.503314 -0.663822 -0.553187 
0.978057 -0.112089 0.175617 -0.829829 0.546604 0.112289 0.22775 0.515464 -0.826091 -0.509425 -0.65994 -0.552236 
0.974197 -0.124135 0.188495 -0.815987 0.573952 0.0688813 0.286614 0.505173 -0.814034 -0.502014 -0.644499 -0.576718 
0.971456 -0.141701 0.190249 -0.792108 0.604161 0.0869151 0.294038 0.502476 -0.813056 -0.53489 -0.618472 -0.575661 
0.979984 -0.13077 0.150105 -0.827923 0.554157 0.0863342 0.249774 0.502152 -0.827923 -0.502152 -0.663892 -0.554157 
0.975162 -0.122514 0.184527 -0.818501 0.569703 0.074128 0.276638 0.503919 -0.818253 -0.503515 -0.649234 -0.570059 
0.999589 -0.00986924 -0.0269276 -0.863121 0.0256127 -0.504348 0.500853 0.171108 -0.84845 0.0645667 -0.984919 -0.160515 
0.819696 -0.504842 -0.270616 0 0 1 -0.146984 -0.989139 0 0.989139 -0.146984 0 
0.992002 0.0589735 0.111599 -0.860408 0.0646939 -0.505483 0.50067 0.292254 -0.814811 0.0950163 -0.95415 -0.283848 
0.998967 0.0064735 0.0449694 -0.861374 0.0693128 -0.50322 0.50322 0.25161 -0.826718 0.0693128 -0.965344 -0.25161 
0.998967 0.0064735 0.0449694 -0.861374 0.0693128 -0.50322 0.50322 0.25161 -0.826718 0.0693128 -0.965344 -0.25161 
0.681253 0.556212 -0.475944 1.07933e-19 -0.989628 0.143651 -7.43566e-19 -0.143651 -0.989628 1 0 -7.51359e-19 
0.678677 0.494519 -0.542999 0 -0.973503 0.228676 0 -0.228676 -0.973503 1 0 0 
0.67224 0.455526 -0.5836 0 -0.960851 0.277066 0 -0.277066 -0.960851 1 0 0 
0.911151 0.11406 -0.395972 0.199599 0.838538 0.506967 -0.745052 -0.206168 0.634344 0.636441 -0.504331 0.583603 
0.933016 0.0894117 -0.348549 0.163873 0.845455 0.508283 -0.797459 -0.189767 0.572755 0.580694 -0.499194 0.643118 
0.930908 -0.0339962 -0.363667 9.61058e-07 1 1.59624e-06 -0.863779 2.58419e-08 0.503871 0.503871 -1.86305e-06 0.863779 
0.931058 -0.0297235 -0.36366 -0.000207657 0.999973 0.00730418 -0.863791 -0.00385958 0.503835 0.50385 -0.00620466 0.863769 
0.931072 -0.0336022 -0.363285 0 1 0 -0.863779 0 0.503871 0.503871 0 0.863779 
0.931055 -0.0297234 -0.363667 0.000296329 0.999962 0.00867582 -0.863638 -0.00411767 0.504095 0.504112 -0.00764215 0.863605 
0.898126 0.000951182 -0.439738 0.123057 0.968063 0.218429 -0.796139 -0.0351026 0.604095 0.59247 -0.248237 0.766393 
0.907213 0.0138678 -0.420443 0.113912 0.959692 0.256933 -0.795015 -0.067039 0.602874 0.595799 -0.272941 0.755333 
0.796014 0.0401841 -0.603943 0.331847 0.858669 0.390595 -0.645815 -0.0950151 0.757559 0.687605 -0.503646 0.523011 
0.882014 -0.1295 -0.453079 0.00775096 0.999936 0.008295 -0.754725 0.000408013 0.656041 0.655995 -0.0113454 0.75468 
0.930733 -0.0297201 -0.364489 0.000419761 0.999954 0.00958116 -0.863761 -0.0044654 0.503881 0.503901 -0.00848734 0.86372 
0.881152 -0.128278 -0.4551 0.0119408 0.999847 0.0127971 -0.755682 0.000642223 0.654939 0.65483 -0.017491 0.755574 
0.881427 -0.126501 -0.455066 0.0133198 0.99978 0.0161966 -0.755697 -0.000541864 0.654922 0.654786 -0.0209631 0.755523 
0.880558 -0.129488 -0.455905 0.0107595 0.999853 0.0133594 -0.756927 -0.000586302 0.6535 0.653411 -0.0171435 0.756809 
0.936623 -0.0224162 -0.349621 0 1 0 -0.895459 0 0.445144 0.445144 0 0.895459 
0.894255 0.0272071 -0.446729 0.104556 0.962775 0.249263 -0.759001 -0.0847081 0.645555 0.642639 -0.256687 0.721891 
0.850159 0.0570659 -0.523425 0.288439 0.855096 0.430829 -0.681492 -0.132726 0.719689 0.672585 -0.501193 0.544458 
0.856191 0.0636803 -0.512719 0.280231 0.853397 0.439527 -0.688091 -0.14068 0.711857 0.669329 -0.501919 0.547792 
0.797401 0.0435902 -0.601873 0.3234 0.859852 0.395054 -0.644979 -0.105182 0.756927 0.692398 -0.499591 0.52057 
0.856392 0.0598952 -0.51284 0.292904 0.857758 0.422444 -0.701582 -0.107368 0.704454 0.649608 -0.502716 0.570339 
0.933674 -0.0328936 -0.356609 0 1 0 -0.870642 0 0.491918 0.491918 0 0.870642 
0.883761 -0.0298028 -0.466989 0.128343 0.978531 0.161262 -0.774973 -0.0025075 0.631989 0.618826 -0.206085 0.758013 
0.883197 -0.127429 -0.451358 0.00649059 0.999954 0.00707327 -0.756547 0.000284967 0.653939 0.653907 -0.00959571 0.756514 
0.908335 0.0493957 -0.415317 0.143953 0.915866 0.37479 -0.774905 -0.131226 0.618306 0.615468 -0.379433 0.690818 
0.863284 0.0466805 -0.502556 0.178259 0.924473 0.337005 -0.745098 -0.0968799 0.659882 0.642692 -0.368732 0.671553 
0.856983 0.0633646 -0.511434 0.209939 0.907491 0.363848 -0.746436 -0.0915876 0.659124 0.631473 -0.409965 0.658157 
0.855388 0.0769707 -0.512238 0.219464 0.895772 0.386559 -0.74639 -0.100999 0.6578 0.628281 -0.432888 0.64643 
0.926593 -0.0440924 -0.373471 -1.29729e-18 1 -1.14544e-16 -0.867877 5.5777e-17 0.496779 0.496779 1.00054e-16 0.867877 
0.885119 0.0677412 -0.460408 0.273671 0.857613 0.435435 -0.754454 -0.0893919 0.650237 0.596577 -0.506467 0.622566 
0.858752 0.0929928 -0.503882 0.245296 0.883756 0.398504 -0.744535 -0.0915308 0.661279 0.620885 -0.458909 0.635535 
0.875737 -0.0299456 -0.48186 0.163416 0.968096 0.189961 -0.757155 -0.000369492 0.653235 0.632465 -0.250579 0.732938 
0.893737 0.0267335 -0.447795 0.105117 0.962666 0.24945 -0.754097 -0.0863628 0.65106 0.648296 -0.256547 0.716865 
0.89343 -0.0142388 -0.448977 0.138993 0.968281 0.207636 -0.783135 -0.0208573 0.621502 0.606119 -0.248992 0.755396 
0.858372 0.0228637 -0.512518 0.176601 0.936711 0.3023 -0.728867 -0.0819512 0.679733 0.661487 -0.340377 0.668265 
0.857089 0.0443456 -0.513257 0.194761 0.919629 0.341104 -0.711379 -0.106987 0.694618 0.675284 -0.377938 0.633368 
0.870836 0.0703291 -0.486518 0.17553 0.914645 0.364162 -0.748378 -0.116362 0.652986 0.639625 -0.387149 0.664075 
0.918371 0.0731164 -0.388908 0.120363 0.918385 0.376938 -0.741988 -0.169028 0.648755 0.65952 -0.35777 0.661086 
0.882849 -0.129256 -0.451521 0.00552045 0.999967 0.00591612 -0.75566 0.000296742 0.654964 0.654941 -0.00808627 0.755637 
0.883224 -0.0300836 -0.467986 0.138408 0.96671 0.21521 -0.75388 -0.0380822 0.655908 0.642268 -0.253025 0.723512 
0.893604 -0.030102 -0.447845 0.0715001 0.987896 0.137658 -0.757341 -0.0360424 0.652024 0.649093 -0.150874 0.745597 
0.868767 -0.0242276 -0.494628 0.174548 0.963479 0.203077 -0.73431 -0.0100309 0.67874 0.655989 -0.267594 0.705742 
0.882541 -0.129612 -0.452021 0.00857969 0.999921 0.00917145 -0.751453 0.000396068 0.659786 0.659731 -0.0125527 0.751397 
0.863633 -0.0388257 -0.502624 0.160331 0.967127 0.197382 -0.739078 -0.0149212 0.673455 0.654261 -0.253857 0.71239 
0.857545 -0.0115382 -0.514279 0.192248 0.948705 0.250996 -0.716621 -0.0390187 0.69637 0.670444 -0.313744 0.672361 
0.844516 -0.0423992 -0.533849 0.202359 0.953556 0.22312 -0.714983 -0.0118364 0.699042 0.669216 -0.300984 0.679381 
0.857927 -0.00376661 -0.513758 0.201122 0.94705 0.250291 -0.721351 -0.0296769 0.691934 0.662724 -0.31971 0.677187 
0.857837 -0.0149364 -0.513705 0.200655 0.95069 0.236486 -0.731959 -0.0149568 0.681185 0.651133 -0.309782 0.692865 
0.999565 -0.0143695 -0.0257707 -0.863842 -0.00281606 -0.503755 0.496791 0.161034 -0.8528 0.0835231 -0.986945 -0.137709 
0.997508 0.0685768 0.0165908 -0.96582 0.000905707 -0.259212 0.240067 0.380306 -0.89316 0.0977708 -0.92486 -0.367525 
0.99648 0.0827658 -0.0133346 -0.993594 -0.00874946 -0.112667 0.101549 0.368305 -0.924143 0.0495816 -0.929664 -0.365057 
0.998205 -0.0480461 -0.0357562 -0.755689 -0 -0.654931 0.654931 0 -0.755689 0 -1 0 
0.998317 -0.0483911 -0.0319484 -0.755689 -1.7076e-18 -0.654931 0.654931 -3.3996e-17 -0.755689 -2.09746e-17 -1 2.68087e-17 
0.999488 -0.0304862 -0.00969059 -0.755706 0.000825356 -0.65491 0.654596 0.0319352 -0.755304 0.0202913 -0.99949 -0.0246739 
0.999488 -0.0304862 -0.00969059 -0.755706 0.000825356 -0.65491 0.654596 0.0319352 -0.755304 0.0202913 -0.99949 -0.0246739 
0.992453 0.0552493 0.109476 -0.835061 0.0503106 -0.547852 0.541625 0.249874 -0.802624 0.0965135 -0.96697 -0.23591 
0.999901 0.0114581 0.00822062 -0.864193 -0.000211095 -0.503161 0.487199 0.249527 -0.836883 0.125729 -0.968368 -0.215537 
0.999716 -0.00696377 0.0227807 -0.879714 0.0644828 -0.471111 0.471099 0.252732 -0.845099 0.0645704 -0.965385 -0.252709 
0.800528 0.0677105 -0.595457 0.298726 0.850299 0.433305 -0.643802 -0.155607 0.749203 0.704472 -0.50277 0.500941 
0.997499 0.0160255 0.0688337 -0.84475 0.0799431 -0.529157 0.531115 0.246598 -0.810621 0.0656857 -0.965815 -0.250773 
0.999817 -0.00494434 -0.0184569 -0.965969 0.087193 -0.24352 0.258659 0.326365 -0.909165 0.00020367 -0.941214 -0.337812 
0.997129 0.0152417 0.0741707 -0.8591 0.0869997 -0.504359 0.506242 0.289374 -0.812392 0.0752703 -0.953254 -0.292644 
0.997631 0.0686346 0.00467806 -0.954666 -0.00201681 -0.297672 0.282273 0.31139 -0.907391 0.0945223 -0.95028 -0.296705 
0.998967 0.0064735 0.0449694 -0.861374 0.0693128 -0.50322 0.50322 0.25161 -0.826718 0.0693128 -0.965344 -0.25161 
0.998756 -0.0371133 -0.0333132 -0.874248 0.049537 -0.482946 0.483424 0.180271 -0.856623 0.0446268 -0.982369 -0.181549 
0.994998 0.0558356 0.0828391 -0.852213 0.00116474 -0.523194 0.500865 0.290845 -0.815195 0.151219 -0.956769 -0.248446 
0.999173 -0.0299752 -0.0274659 -0.859902 0.0205232 -0.510046 0.506058 0.165195 -0.846532 0.0668835 -0.986047 -0.152438 
0.998317 -0.0483911 -0.0319484 -0.755689 -0 -0.654931 0.654931 0 -0.755689 0 -1 0 
0.89035 -0.046687 -0.452877 -0.788931 0.0815152 0.609052 -0.541738 0.375529 -0.751996 -0.290015 -0.923219 -0.252106 
0.897666 -0.0296861 -0.439675 -0.802022 0.0402086 0.595939 -0.541851 0.370816 -0.75425 -0.251311 -0.927836 -0.275616 
0.796887 0.0922058 -0.597051 -0.605734 -0.169431 0.777419 -0.794004 0.191872 -0.576839 -0.0514305 -0.966684 -0.250752 
0.99961 -0.00710946 -0.0270189 -0.862663 0.0238482 -0.505217 0.501373 0.171893 -0.847985 0.0666202 -0.984827 -0.160242 
0.999521 -0.0300118 0.00752968 -0.755776 0.00184434 -0.654828 0.653256 0.0714358 -0.75376 0.045388 -0.997443 -0.0551943 
0.998317 -0.0483911 -0.0319484 -0.755689 8.38983e-17 -0.654931 0.654931 -7.27119e-17 -0.755689 -1.11022e-16 -1 6.18626e-33 
0.882454 -0.0481476 -0.467928 -0.765818 0.0332267 0.642199 -0.592017 0.353491 -0.724265 -0.251076 -0.934848 -0.251039 
0.882511 -0.0472781 -0.46791 -0.766181 0.033123 0.641771 -0.59172 0.353184 -0.724657 -0.250666 -0.934967 -0.251004 
0.999484 -0.0310803 0.00815651 -0.931903 0.117084 -0.343291 0.362683 0.289618 -0.885767 -0.00428591 -0.949954 -0.31236 
0.813807 -0.0220662 -0.580716 -0.604953 -0.0256559 0.795848 -0.756116 0.331863 -0.564053 -0.249641 -0.942979 -0.22016 
0.896908 -0.0296934 -0.44122 -0.80216 0.0308917 0.596309 -0.546899 0.36283 -0.75449 -0.239667 -0.931343 -0.274153 
0.903709 -0.0296239 -0.427122 -0.818652 0.0260523 0.573698 -0.525243 0.369985 -0.76631 -0.232224 -0.928672 -0.289205 
0.892195 -0.0491982 -0.448963 -0.791106 0.0599301 0.608736 -0.552021 0.358735 -0.752717 -0.263485 -0.931514 -0.250715 
0.906878 -0.00544497 -0.421358 -0.828485 -0.0011073 0.56001 -0.527919 0.335206 -0.780345 -0.186855 -0.942144 -0.278298 
0.899071 -0.131616 -0.41755 -0.749679 0.253937 0.611144 -0.502057 0.383437 -0.775187 -0.431184 -0.887971 -0.159963 
0.998967 0.0064735 0.0449694 -0.861374 0.0693128 -0.50322 0.50322 0.25161 -0.826718 0.0693128 -0.965344 -0.25161 
0.898647 -0.157272 -0.40951 -0.703835 0.294951 0.646235 -0.506139 0.430097 -0.747556 -0.498436 -0.853241 -0.153431 
0.809518 0.0781197 -0.581875 -0.622468 -0.204793 0.755376 -0.782645 0.163306 -0.600665 -0.000345351 -0.965086 -0.261933 
0.877829 -0.062963 -0.474817 -0.75618 0.0788929 0.649591 -0.586183 0.359536 -0.726033 -0.29083 -0.92979 -0.225628 
0.887295 -0.156483 -0.433843 -0.708249 0.290564 0.643394 -0.499622 0.437576 -0.747599 -0.498759 -0.850941 -0.16474 
0.809518 0.0781197 -0.581875 -0.622468 -0.204793 0.755376 -0.782645 0.163306 -0.600665 -0.000345351 -0.965086 -0.261933 
0.824027 0.0452494 -0.56474 -0.645401 -0.1182 0.754643 -0.754643 0.251548 -0.606001 -0.1182 -0.9606 -0.251548 
0.824882 0.0336454 -0.564302 -0.645401 -0.1182 0.754643 -0.754643 0.251548 -0.606001 -0.1182 -0.9606 -0.251548 
0.825223 0.0306833 -0.563972 -0.645401 -0.1182 0.754643 -0.754643 0.251548 -0.606001 -0.1182 -0.9606 -0.251548 
0.797279 0.0253435 -0.603079 -0.595136 -0.120102 0.7946 -0.788862 0.275965 -0.549127 -0.153331 -0.953635 -0.25898 
0.818748 0.0524032 -0.571756 -0.637339 -0.153407 0.755159 -0.767924 0.207786 -0.605902 -0.063962 -0.96607 -0.250235 
0.799155 0.115514 -0.589922 -0.605042 -0.255303 0.754152 -0.796192 0.19621 -0.572347 -0.00184987 -0.946743 -0.321986 
0.999504 -0.0304869 -0.0079256 -0.755708 0.000858713 -0.654908 0.654569 0.0332266 -0.755272 0.0211118 -0.999447 -0.0256717 
0.776709 0.0235167 -0.629421 -0.545098 -0.089271 0.833606 -0.820293 0.262175 -0.508315 -0.173173 -0.960882 -0.216139 
0.887349 -0.156894 -0.433585 -0.691765 0.267234 0.670856 -0.515962 0.467045 -0.718089 -0.505218 -0.842885 -0.185203 
0.88157 -0.157947 -0.444845 -0.688095 0.278266 0.670144 -0.520799 0.453695 -0.723138 -0.505266 -0.846598 -0.167265 
0.829009 -0.0300312 -0.558429 -0.650289 -0.00956448 0.759627 -0.717324 0.336974 -0.609832 -0.250142 -0.941465 -0.225991 
0.827136 -0.0442337 -0.560258 -0.640628 -0.000349552 0.767852 -0.725152 0.329102 -0.604853 -0.25249 -0.944294 -0.211085 
0.816328 -0.0275044 -0.576933 -0.591092 -0.00242329 0.8066 -0.755013 0.353555 -0.552226 -0.283839 -0.935411 -0.210813 
0.817667 -0.0303084 -0.574893 -0.596186 -0.00134974 0.802845 -0.751695 0.352174 -0.55761 -0.281988 -0.935934 -0.210975 
0.880069 -0.128779 -0.45705 -0.638148 0.227707 0.73547 -0.580121 0.485838 -0.653774 -0.506189 -0.843866 -0.177939 
0.877517 -0.128139 -0.462109 -0.628106 0.229721 0.743445 -0.588972 0.484038 -0.647163 -0.508522 -0.844355 -0.168728 
0.845073 -0.0288732 -0.533871 -0.680916 -0.000567957 0.732361 -0.681507 0.366629 -0.63335 -0.268145 -0.930367 -0.250031 
0.846094 -0.0299705 -0.53219 -0.683514 -0.000452306 0.729937 -0.679488 0.365704 -0.636047 -0.266653 -0.930731 -0.250271 
0.797701 0.139562 -0.586682 -0.600439 -0.263289 0.755084 -0.799671 0.197195 -0.567134 0.000421088 -0.944348 -0.328948 
0.841611 -0.0126965 -0.539935 -0.649567 -0.00074474 0.760304 -0.701958 0.384766 -0.599342 -0.292093 -0.923014 -0.250454 
0.912419 -0.109986 -0.394202 -0.708185 0.239418 0.664194 -0.502828 0.489357 -0.712526 -0.495619 -0.838576 -0.226169 
0.790706 0.135573 -0.596996 -0.555974 -0.24994 0.792732 -0.827997 0.250181 -0.501827 -0.0728995 -0.935382 -0.346043 
0.882862 -0.0298092 -0.468685 -0.749154 0.0398887 0.661194 -0.592014 0.407439 -0.695351 -0.297133 -0.912361 -0.28162 
0.823313 0.0594685 -0.564463 -0.648318 -0.154142 0.745603 -0.75333 0.271808 -0.598844 -0.110354 -0.949927 -0.292338 
0.830389 0.0300418 -0.556373 -0.660919 -0.115349 0.741539 -0.741504 0.252547 -0.621604 -0.115572 -0.960684 -0.252445 
0.840627 -0.0365856 -0.540377 -0.664288 0.0163367 0.747298 -0.690317 0.370028 -0.621726 -0.286678 -0.928877 -0.234527 
0.840511 -0.0299803 -0.540964 -0.6622 0.0112075 0.749244 -0.692145 0.373954 -0.617328 -0.287101 -0.927379 -0.239875 
0.851119 -0.0734547 -0.519808 -0.647038 0.0984947 0.756069 -0.664839 0.412577 -0.622711 -0.373271 -0.905582 -0.20147 
0.888846 -0.1691 -0.425862 -0.70289 0.310434 0.639982 -0.506054 0.414031 -0.75663 -0.499855 -0.855692 -0.133922 
0.904778 -0.162181 -0.393794 -0.708026 0.297293 0.640559 -0.499199 0.430884 -0.751757 -0.499499 -0.85203 -0.156669 
0.886232 -0.148629 -0.438751 -0.723381 0.246459 0.644964 -0.502101 0.453422 -0.736413 -0.473936 -0.856543 -0.204249 
0.84802 -0.100882 -0.520274 -0.671027 0.176883 0.720024 -0.606903 0.426803 -0.670453 -0.425901 -0.886877 -0.179045 
0.838081 -0.0299835 -0.544722 -0.671234 0.0296594 0.740652 -0.675296 0.387545 -0.627522 -0.305648 -0.921373 -0.240105 
0.853208 0.0593131 -0.518188 -0.650889 -0.095467 0.753146 -0.732082 0.341583 -0.589387 -0.200995 -0.93499 -0.292222 
0.831154 0.00108625 -0.556041 -0.65817 -0.0624586 0.750274 -0.727366 0.309938 -0.612272 -0.194297 -0.948703 -0.249422 
0.857092 0.00436614 -0.515145 -0.69593 -0.032172 0.717389 -0.672893 0.378105 -0.635808 -0.250793 -0.925204 -0.284783 
0.882215 -0.00908703 -0.47076 -0.750189 0.000122107 0.661223 -0.612915 0.375079 -0.69545 -0.248096 -0.926993 -0.281305 
0.858221 -0.031555 -0.51231 -0.711432 -0.00100212 0.702755 -0.654207 0.366173 -0.661763 -0.256667 -0.930546 -0.261163 
0.916836 0.00955676 -0.399149 -0.844216 0.00335913 0.535993 -0.499199 0.359228 -0.788515 -0.195192 -0.933244 -0.301589 
0.913905 -0.0924861 -0.395252 -0.748727 0.195282 0.633461 -0.498575 0.463861 -0.732295 -0.436842 -0.864117 -0.249943 
0.900182 -0.0297312 -0.434499 -0.758779 0.0716314 0.647398 -0.559021 0.438498 -0.703715 -0.334291 -0.895873 -0.292679 
0.903267 -0.153703 -0.400604 -0.704596 0.270814 0.6559 -0.501638 0.463666 -0.730324 -0.501901 -0.843607 -0.190847 
0.887491 -0.15799 -0.432896 -0.704596 0.270814 0.6559 -0.501638 0.463666 -0.730324 -0.501901 -0.843607 -0.190847 
0.896142 -0.0297007 -0.442771 -0.758336 0.0679172 0.648316 -0.565555 0.42601 -0.70616 -0.32415 -0.902165 -0.284648 
0.843873 -0.00217126 -0.536539 -0.683294 -0.0587527 0.727776 -0.705437 0.310222 -0.637276 -0.188331 -0.948847 -0.253419 
0.854911 -0.0307647 -0.517862 -0.706291 -0.00171152 0.707919 -0.662344 0.354608 -0.659964 -0.249904 -0.935013 -0.25159 
0.815462 -0.0278498 -0.57814 -0.592678 -0.00299084 0.805434 -0.755434 0.348924 -0.55459 -0.279377 -0.937146 -0.209059 
0.823597 0.0442799 -0.565445 -0.645401 -0.1182 0.754643 -0.754643 0.251548 -0.606001 -0.1182 -0.9606 -0.251548 
0.854348 -0.0298089 -0.518846 -0.705859 -0.00153682 0.708351 -0.662648 0.354819 -0.659547 -0.250323 -0.934934 -0.25147 
0.855098 -0.0311532 -0.51753 -0.707107 -4.50568e-17 0.707107 -0.660979 0.355265 -0.660979 -0.25121 -0.934766 -0.25121 
0.857783 -0.0166732 -0.513742 -0.699065 -0.0183079 0.714823 -0.669772 0.366868 -0.645611 -0.250426 -0.930093 -0.268726 
0.857379 -0.0324137 -0.513664 -0.712422 0.000302339 0.701752 -0.654779 0.359424 -0.66489 -0.252427 -0.933174 -0.255864 
0.81867 0.173786 -0.547337 -0.632142 -0.302562 0.713339 -0.774851 0.248751 -0.581144 -0.00161218 -0.920097 -0.391686 
0.845037 -0.0151574 -0.534494 -0.657716 -0.00219805 0.753263 -0.697364 0.379822 -0.607799 -0.28477 -0.925057 -0.251348 
0.843169 -0.0301326 -0.536804 -0.656866 0.0241659 0.75362 -0.683758 0.402184 -0.60887 -0.317808 -0.91524 -0.247657 
0.881771 -0.00933443 -0.471585 -0.750189 0.000122107 0.661223 -0.612915 0.375079 -0.69545 -0.248096 -0.926993 -0.281305 
0.833186 0.128667 -0.537815 -0.665227 -0.253682 0.702224 -0.746639 0.224001 -0.626381 0.00160233 -0.940994 -0.338421 
0.856489 -0.0458063 -0.514129 -0.714199 0.0649701 0.69692 -0.618299 0.408116 -0.671675 -0.328063 -0.910615 -0.251305 
0.8426 -0.029977 -0.537705 -0.687643 0.0300691 0.725426 -0.659823 0.391025 -0.641665 -0.302954 -0.919889 -0.249045 
0.87159 -0.0703955 -0.485155 -0.724613 0.0987764 0.68204 -0.588384 0.426594 -0.686893 -0.358803 -0.899033 -0.250997 
0.882505 -0.119354 -0.454906 -0.740028 0.175473 0.649283 -0.566378 0.358054 -0.742303 -0.362732 -0.917064 -0.165586 
0.884348 -0.137095 -0.446244 -0.730295 0.219808 0.646803 -0.549299 0.373945 -0.747285 -0.406128 -0.901027 -0.15235 
0.913673 0.11611 -0.389513 -0.826078 -0.158914 0.540687 -0.560146 0.336924 -0.756782 -0.0619069 -0.928024 -0.36734 
0.854086 -0.0291002 -0.519317 -0.70531 0.000106185 0.708899 -0.662839 0.35448 -0.659537 -0.25136 -0.935064 -0.249948 
0.853495 0.057133 -0.51796 -0.6847 -0.127984 0.7175 -0.71734 0.292419 -0.632388 -0.128875 -0.947687 -0.292027 
0.843478 -0.0418468 -0.535532 -0.680613 -0.000309056 0.732643 -0.689839 0.33707 -0.640707 -0.246754 -0.941479 -0.229628 
0.86886 -0.0389911 -0.49352 -0.736407 0.0165383 0.676336 -0.628026 0.355029 -0.692487 -0.251572 -0.934709 -0.251059 
0.91788 0.124246 -0.376906 -0.829347 -0.16369 0.534219 -0.555549 0.343527 -0.757202 -0.0595719 -0.924768 -0.375841 
0.663695 0.61724 -0.422522 -0.049083 -0.621815 0.781625 -0.998057 0.000461971 -0.0623066 0.038382 -0.783164 -0.620629 
0.873755 0.0322955 -0.485293 -0.719341 -0.0770469 0.690371 -0.672119 0.328299 -0.663684 -0.175513 -0.941426 -0.287944 
0.829829 -0.0442781 -0.556258 -0.646449 -8.32937e-05 0.762957 -0.720062 0.330647 -0.610068 -0.252219 -0.943754 -0.213806 
0.672594 0.731181 -0.113981 -0.129293 -0.851513 0.508142 -0.969242 0.000302343 -0.24611 0.209413 -0.524333 -0.825361 
0.839076 0.0280421 -0.543292 -0.674628 -0.107089 0.730348 -0.724635 0.284599 -0.627621 -0.140645 -0.952647 -0.269598 
0.855338 -0.030489 -0.517173 -0.708936 -0.00369146 0.705263 -0.660061 0.355747 -0.661637 -0.248453 -0.934575 -0.254639 
0.877314 -0.0199722 -0.4795 -0.753507 0.00115177 0.657439 -0.611653 0.365432 -0.70167 -0.241057 -0.930837 -0.274651 
0.669766 0.610552 -0.422658 -0.0863163 -0.653682 0.751831 -0.995345 0.0241061 -0.0933145 0.0428743 -0.756385 -0.65272 
0.855227 -0.0312517 -0.51731 -0.707107 1.84137e-16 0.707107 -0.660943 0.355398 -0.660943 -0.251305 -0.934715 -0.251305 
0.877278 -0.0315051 -0.478947 -0.753043 0.00824073 0.65792 -0.611994 0.358448 -0.704967 -0.241639 -0.933513 -0.264883 
0.829285 0.155523 -0.536748 -0.659306 -0.282282 0.696873 -0.75187 0.250949 -0.609686 -0.00277676 -0.925927 -0.377692 
0.934789 -0.226952 -0.273245 -0.674103 0.502648 0.54123 -0.283474 0.50058 -0.817962 -0.682076 -0.704815 -0.194955 
0.857932 0.0016288 -0.513761 -0.711902 -0.0520915 0.700344 -0.672346 0.338597 -0.658257 -0.202845 -0.939489 -0.276071 
0.677449 0.722564 -0.137708 -0.158763 -0.830079 0.534568 -0.961849 0.00785311 -0.273467 0.222801 -0.557591 -0.799658 
0.685075 0.672224 -0.280691 -0.188305 -0.769272 0.610543 -0.963539 0.0243836 -0.266454 0.190088 -0.638456 -0.745815 
0.673281 0.695071 -0.252129 -0.134476 -0.790174 0.597948 -0.976573 0.00338053 -0.215159 0.167992 -0.612874 -0.772117 
0.888416 -0.165442 -0.428188 -0.622947 0.304354 0.720629 -0.53659 0.50407 -0.676746 -0.569218 -0.808259 -0.150695 
0.896153 -0.173775 -0.408304 -0.620199 0.332013 0.710718 -0.513695 0.512831 -0.687839 -0.59285 -0.791689 -0.147504 
0.682618 0.701627 -0.204332 -0.190303 -0.821225 0.537935 -0.94285 0.000216356 -0.333218 0.27353 -0.570604 -0.774333 
0.666619 0.735624 -0.12032 -0.162516 -0.850397 0.500414 -0.950205 -0.00178305 -0.311621 0.265894 -0.526139 -0.807761 
0.673276 0.624044 -0.396571 -0.0874124 -0.67465 0.732943 -0.994958 0.0228094 -0.0976655 0.049172 -0.737785 -0.673242 
0.69659 0.626046 -0.35047 -0.188043 -0.705343 0.68347 -0.963993 -0.000683055 -0.265928 0.188037 -0.708866 -0.679817 
0.712623 0.601534 -0.361005 -0.213031 -0.704808 0.676656 -0.970387 0.0719138 -0.230601 0.113868 -0.705744 -0.699257 
0.926748 -0.226135 -0.300001 -0.647877 0.504759 0.570504 -0.286266 0.532711 -0.796411 -0.705909 -0.679292 -0.200636 
0.671494 0.676275 -0.3029 -0.104893 -0.756106 0.645988 -0.988071 0.00559083 -0.153895 0.112749 -0.654425 -0.747674 
0.67743 0.704093 -0.212936 -0.212818 -0.809298 0.547491 -0.933042 0.00197861 -0.359763 0.290072 -0.587395 -0.75553 
0.71543 0.620864 -0.320449 -0.25124 -0.752924 0.608264 -0.931031 0.0161362 -0.364583 0.264688 -0.65791 -0.705049 
0.690157 0.647915 -0.32232 -0.211566 -0.761305 0.612906 -0.953805 0.0239682 -0.299468 0.213296 -0.647951 -0.731208 
0.715568 0.62213 -0.317673 -0.25047 -0.754132 0.607083 -0.935048 0.0259292 -0.353571 0.250898 -0.656211 -0.711644 
0.93215 -0.230114 -0.279543 -0.66431 0.515519 0.541232 -0.250954 0.528238 -0.811164 -0.70407 -0.674689 -0.221543 
0.712831 0.600286 -0.36267 -0.250654 -0.707229 0.66106 -0.935969 0.00263451 -0.352073 0.247255 -0.70698 -0.662604 
0.684169 0.647249 -0.336128 -0.221556 -0.746283 0.627674 -0.942491 -0.00130367 -0.334229 0.250248 -0.665627 -0.703076 
0.712918 0.603224 -0.357588 -0.251157 -0.711362 0.656418 -0.934766 0.00221475 -0.355257 0.251263 -0.702822 -0.665513 
0.937305 -0.232808 -0.259343 -0.676005 0.531342 0.510581 -0.191197 0.542679 -0.817889 -0.71166 -0.650519 -0.265263 
0.689242 0.650696 -0.318655 -0.303058 -0.794137 0.526785 -0.867165 0.000567983 -0.498021 0.395198 -0.607739 -0.68882 
0.719137 0.644872 -0.25881 -0.338731 -0.797067 0.499946 -0.86414 0.0533592 -0.500414 0.372187 -0.601529 -0.706852 
0.767516 0.5343 -0.354179 -0.432149 -0.724269 0.537292 -0.826433 0.0796222 -0.557377 0.36091 -0.684905 -0.632968 
0.697213 0.592564 -0.403437 -0.334842 -0.751948 0.567852 -0.864432 0.00528781 -0.502722 0.375018 -0.659202 -0.651778 
0.697332 0.612453 -0.372331 -0.315273 -0.773877 0.549288 -0.86541 -0.00307826 -0.501054 0.389445 -0.633329 -0.668751 
0.716923 0.647251 -0.259014 -0.329139 -0.791867 0.514408 -0.865152 0.0345883 -0.500315 0.37839 -0.609714 -0.69647 
0.715655 0.622962 -0.315843 -0.258384 -0.754423 0.603393 -0.94109 0.055527 -0.333567 0.218146 -0.654035 -0.724327 
0.692879 0.670387 -0.265519 -0.250679 -0.791922 0.556794 -0.935223 0.049554 -0.350574 0.250036 -0.608608 -0.753046 
0.716886 0.650249 -0.251498 -0.262757 -0.788859 0.555572 -0.93322 0.0615308 -0.353998 0.245069 -0.611487 -0.752347 
0.697859 0.677544 -0.232223 -0.283654 -0.818463 0.499659 -0.897804 0.0436181 -0.438231 0.336882 -0.572901 -0.747191 
0.67832 0.71512 -0.168776 -0.249625 -0.829387 0.499804 -0.905847 0.0175849 -0.42324 0.342241 -0.558397 -0.755687 
0.716715 0.655253 -0.23867 -0.321955 -0.806409 0.496033 -0.894413 0.0872737 -0.438645 0.310436 -0.584882 -0.749361 
0.712661 0.601748 -0.360574 -0.251177 -0.708329 0.659682 -0.935295 0.0020989 -0.353864 0.249267 -0.705879 -0.663024 
0.704058 0.590328 -0.394733 -0.334376 -0.753371 0.566238 -0.864595 0.00611058 -0.502433 0.375058 -0.657568 -0.653403 
0.719897 0.565586 -0.402319 -0.360777 -0.729425 0.581188 -0.865951 0.0305575 -0.499194 0.346365 -0.683378 -0.642671 
0.685016 0.639547 -0.348902 -0.25201 -0.754832 0.605573 -0.935478 0.0298232 -0.352125 0.247736 -0.655239 -0.713645 
0.711911 0.602676 -0.360505 -0.251194 -0.707521 0.660542 -0.935004 0.000870723 -0.354636 0.250337 -0.706692 -0.661753 
0.939342 -0.218 -0.264786 -0.689001 0.501578 0.523161 -0.229399 0.533804 -0.813898 -0.687498 -0.680789 -0.25273 
0.93154 -0.10146 -0.349197 -0.75675 0.248668 0.604561 -0.433513 0.501304 -0.74884 -0.489281 -0.828769 -0.271561 
0.949187 -0.180877 -0.257543 -0.748633 0.430421 0.504268 -0.248913 0.522487 -0.815506 -0.614484 -0.736034 -0.284014 
0.932635 -0.112729 -0.34276 -0.788404 0.2519 0.561218 -0.389044 0.502521 -0.772087 -0.476512 -0.827055 -0.298189 
0.924911 -0.118231 -0.361332 -0.76972 0.249946 0.587417 -0.409386 0.51278 -0.754625 -0.489831 -0.82133 -0.292373 
0.962382 -0.16609 -0.215022 -0.770065 0.397435 0.499045 -0.249053 0.532894 -0.808701 -0.587344 -0.74704 -0.31138 
0.938566 -0.224191 -0.26236 -0.6903 0.498629 0.524267 -0.249795 0.515801 -0.819482 -0.679035 -0.696648 -0.231502 
0.93649 -0.225729 -0.268389 -0.673205 0.49324 0.550917 -0.248349 0.55094 -0.796736 -0.696504 -0.673186 -0.2484 
0.93649 -0.225729 -0.268389 -0.673205 0.49324 0.550917 -0.248349 0.55094 -0.796736 -0.696504 -0.673186 -0.2484 
0.920357 -0.170885 -0.35177 -0.701861 0.33955 0.626176 -0.429093 0.500135 -0.752159 -0.568569 -0.796599 -0.205327 
0.926633 -0.101412 -0.362033 -0.753103 0.240276 0.612456 -0.441798 0.505096 -0.741412 -0.487493 -0.828942 -0.274236 
0.917191 -0.13414 -0.37519 -0.752117 0.26415 0.603775 -0.427675 0.501412 -0.752117 -0.501412 -0.8239 -0.26415 
0.945521 -0.132456 -0.297398 -0.772515 0.332806 0.540797 -0.354929 0.479887 -0.80233 -0.526541 -0.811757 -0.252597 
0.937873 -0.15287 -0.311489 -0.74041 0.365641 0.564004 -0.348982 0.508019 -0.787482 -0.57446 -0.779887 -0.24854 
0.9306 -0.224341 -0.289232 -0.659996 0.498762 0.56182 -0.317714 0.492362 -0.810332 -0.680781 -0.713314 -0.166493 
0.890998 -0.190189 -0.412251 -0.645641 0.4119 0.643029 -0.452176 0.472352 -0.756585 -0.615373 -0.779245 -0.118718 
0.906449 -0.194362 -0.374931 -0.638393 0.426311 0.640869 -0.42256 0.501812 -0.754737 -0.643349 -0.752624 -0.140211 
0.944206 -0.177144 -0.277661 -0.747012 0.413306 0.520722 -0.275231 0.520722 -0.808144 -0.605162 -0.747012 -0.275231 
0.941388 -0.197996 -0.273106 -0.720408 0.412574 0.557489 -0.313491 0.523309 -0.792383 -0.618656 -0.745607 -0.247658 
0.921231 -0.128222 -0.367276 -0.752117 0.26415 0.603775 -0.427675 0.501412 -0.752117 -0.501412 -0.8239 -0.26415 
0.949866 -0.167285 -0.264142 -0.745737 0.393918 0.537312 -0.287458 0.537312 -0.792883 -0.601035 -0.745737 -0.287458 
0.944585 -0.216476 -0.246774 -0.706496 0.490723 0.509955 -0.250978 0.500007 -0.828856 -0.66172 -0.713571 -0.230093 
0.925479 -0.177454 -0.334662 -0.703322 0.367029 0.608791 -0.367029 0.545936 -0.753155 -0.608791 -0.753155 -0.249259 
0.931871 -0.107523 -0.346491 -0.749425 0.261023 0.608465 -0.434449 0.499616 -0.749425 -0.499616 -0.825984 -0.261023 
0.921947 -0.132408 -0.363981 -0.739784 0.278492 0.612505 -0.432683 0.500229 -0.750038 -0.515272 -0.819886 -0.249562 
0.918384 -0.172923 -0.355905 -0.750094 0.344495 0.564519 -0.363774 0.497942 -0.787225 -0.552293 -0.79585 -0.248185 
0.911693 -0.197117 -0.360501 -0.6415 0.425132 0.638545 -0.420647 0.501145 -0.756247 -0.641508 -0.753735 -0.142654 
0.928699 -0.107863 -0.3548 -0.750595 0.253531 0.610187 -0.435455 0.50476 -0.745383 -0.496976 -0.82519 -0.268469 
0.905327 -0.191813 -0.378934 -0.641445 0.420816 0.641454 -0.425097 0.501065 -0.753808 -0.638624 -0.756206 -0.142518 
0.942046 -0.180294 -0.282921 -0.749182 0.404775 0.524293 -0.300769 0.497343 -0.813749 -0.590139 -0.767337 -0.250857 
0.900455 -0.133747 -0.413876 -0.702436 0.251668 0.665768 -0.501984 0.487952 -0.714083 -0.504575 -0.835803 -0.216422 
0.942243 -0.196686 -0.271095 -0.752117 0.427675 0.501412 -0.26415 0.501412 -0.8239 -0.603775 -0.752117 -0.26415 
0.929045 -0.116266 -0.351223 -0.752117 0.26415 0.603775 -0.427675 0.501412 -0.752117 -0.501412 -0.8239 -0.26415 
0.901849 -0.143697 -0.407456 -0.761673 0.241836 0.60114 -0.487508 0.397257 -0.777511 -0.426838 -0.885269 -0.184683 
0.903291 -0.144235 -0.404057 -0.667953 0.31202 0.675634 -0.500019 0.484252 -0.71797 -0.551198 -0.817401 -0.167442 
0.888441 -0.165643 -0.42806 -0.669047 0.334838 0.663521 -0.501505 0.455492 -0.73554 -0.548515 -0.82487 -0.136822 
0.928902 -0.116492 -0.351527 -0.752117 0.26415 0.603775 -0.427675 0.501412 -0.752117 -0.501412 -0.8239 -0.26415 
0.940901 -0.212989 -0.263328 -0.731383 0.462765 0.500927 -0.250464 0.500927 -0.828456 -0.634309 -0.731383 -0.250464 
0.913838 -0.0904654 -0.395873 -0.770622 0.175659 0.612605 -0.497075 0.435889 -0.750279 -0.398821 -0.882692 -0.24859 
0.917713 -0.0398486 -0.395241 -0.84921 0.0651338 0.524023 -0.466808 0.371296 -0.802639 -0.246846 -0.926227 -0.284903 
0.915351 0.00440539 -0.402634 -0.845599 -0.00149242 0.533816 -0.502456 0.339937 -0.794972 -0.180277 -0.940447 -0.288201 
0.920456 -0.119526 -0.372122 -0.752117 0.26415 0.603775 -0.427675 0.501412 -0.752117 -0.501412 -0.8239 -0.26415 
0.949542 -0.184808 -0.25341 -0.752117 0.427675 0.501412 -0.26415 0.501412 -0.8239 -0.603775 -0.752117 -0.26415 
0.908897 -0.133667 -0.395018 -0.752689 0.239778 0.61316 -0.466795 0.462409 -0.753844 -0.464286 -0.85363 -0.236123 
0.932501 -0.15451 -0.326449 -0.800517 0.3305 0.499941 -0.3305 0.452431 -0.828297 -0.499941 -0.828297 -0.252948 
0.916509 -0.00686159 -0.399954 -0.821967 0.0381769 0.568254 -0.500734 0.426944 -0.752984 -0.271359 -0.903472 -0.331818 
0.913307 -0.0296137 -0.406193 -0.813078 0.0646193 0.578558 -0.501477 0.427019 -0.752446 -0.295678 -0.901931 -0.314795 
