-0.53464 0.29621 -0.791467 
0.791467 0.503782 -0.346097 
0.29621 -0.811457 -0.503782 
-0.5699 0.177352 -0.802347 
0.752741 0.504262 -0.423203 
0.329537 -0.845143 -0.420879 
-0.596048 0.120573 -0.793845 
0.723782 0.508747 -0.466172 
0.347658 -0.852431 -0.390506 
-0.659563 0.199474 -0.724697 
0.702866 0.505357 -0.500594 
0.266375 -0.839538 -0.473518 
-0.68687 0.178081 -0.704625 
0.660149 0.558398 -0.50239 
0.303995 -0.810234 -0.501107 
-0.686993 0.226198 -0.690562 
0.68185 0.529229 -0.504973 
0.251241 -0.817772 -0.517809 
-0.655523 0.225232 -0.720805 
0.712174 0.501866 -0.490854 
0.251191 -0.835105 -0.48939 
-0.667546 0.251096 -0.700951 
0.70956 0.499813 -0.496701 
0.225625 -0.828938 -0.511816 
-0.531462 0.255941 -0.807492 
0.786757 0.502441 -0.358562 
0.313946 -0.825862 -0.468391 
-0.676875 0.263404 -0.687356 
0.705144 0.499966 -0.502798 
0.211216 -0.825017 -0.524152 
-0.537106 0.270139 -0.799088 
0.787949 0.498824 -0.360986 
0.301088 -0.823529 -0.480777 
-0.611095 0.275606 -0.742027 
0.763239 0.45366 -0.460064 
0.209831 -0.847487 -0.487583 
-0.609617 0.34734 -0.712546 
0.778698 0.430581 -0.456322 
0.14831 -0.83304 -0.532962 
-0.618616 0.256554 -0.742627 
0.749818 0.475125 -0.460466 
0.234706 -0.841687 -0.486289 
-0.649753 0.235199 -0.722843 
0.721947 0.488591 -0.48997 
0.237934 -0.840214 -0.487265 
-0.645347 0.232365 -0.72769 
0.722901 0.493623 -0.483477 
0.246861 -0.838059 -0.486535 
-0.647356 0.294845 -0.702849 
0.738825 0.469312 -0.483615 
0.187264 -0.832353 -0.521651 
-0.53285 0.29292 -0.793895 
0.80377 0.468579 -0.366588 
0.264622 -0.833445 -0.485123 
-0.562149 0.3034 -0.769374 
0.792066 0.465159 -0.395295 
0.237949 -0.83161 -0.501802 
-0.554854 0.293179 -0.778577 
0.786116 0.491089 -0.375304 
0.27232 -0.820291 -0.502956 
-0.606961 0.245298 -0.755928 
0.755587 0.472954 -0.453214 
0.246347 -0.846253 -0.472408 
-0.613419 0.237349 -0.753248 
0.751192 0.469757 -0.463724 
0.243778 -0.850291 -0.466453 
-0.624544 0.110631 -0.773114 
0.707136 0.500307 -0.499652 
0.331517 -0.858751 -0.390695 
-0.616086 0.229985 -0.753356 
0.745176 0.480106 -0.462829 
0.255247 -0.846526 -0.467165 
-0.575088 0.207951 -0.79122 
0.767245 0.472744 -0.433414 
0.283915 -0.856312 -0.431419 
-0.611283 0.250496 -0.750723 
0.753824 0.473157 -0.455929 
0.241001 -0.844615 -0.478063 
-0.595311 0.250322 -0.763507 
0.75072 0.511984 -0.417483 
0.286399 -0.821713 -0.492711 
-0.553048 0.101687 -0.826921 
0.75029 0.492296 -0.441259 
0.362219 -0.864468 -0.348558 
-0.505194 0.290505 -0.812641 
0.833933 0.406683 -0.373049 
0.222115 -0.86615 -0.447715 
-0.50939 0.31563 -0.800562 
0.811601 0.485456 -0.325018 
0.286052 -0.815298 -0.503452 
-0.670402 0.234641 -0.703922 
0.703922 0.50112 -0.503361 
0.234641 -0.83296 -0.50112 
-0.653677 0.199534 -0.729995 
0.710593 0.49364 -0.501374 
0.260314 -0.846466 -0.464469 
-0.650799 0.221349 -0.726268 
0.716375 0.495916 -0.49079 
0.251532 -0.839686 -0.48131 
0.465386 0.532368 -0.707107 
-0.465386 -0.532368 -0.707107 
-0.752883 0.658155 -9.49721e-17 
0.462364 0.518764 -0.719099 
-0.478925 -0.536408 -0.694908 
-0.746224 0.665695 0.000433296 
0.467639 0.493885 -0.73307 
-0.494467 -0.54127 -0.680095 
-0.732677 0.680518 -0.00890864 
-0.464527 0.145535 -0.873518 
0.782974 0.528335 -0.328351 
0.413724 -0.83647 -0.359376 
-0.462903 0.305203 -0.832209 
0.861968 0.373936 -0.342319 
0.206716 -0.875798 -0.436172 
-0.401263 0.22085 -0.888939 
0.823404 0.512102 -0.244453 
0.40124 -0.830047 -0.387336 
-0.502682 0.279524 -0.818033 
0.802761 0.502051 -0.321745 
0.320759 -0.81842 -0.476763 
-0.281982 0.431479 -0.85692 
0.927434 0.35129 -0.128302 
0.245668 -0.830916 -0.499226 
-0.355687 0.303904 -0.883815 
0.860683 0.475114 -0.183007 
0.364297 -0.825778 -0.430557 
-0.404803 0.277719 -0.87121 
0.836643 0.496972 -0.23032 
0.369003 -0.822126 -0.433527 
-0.506925 0.343109 -0.790762 
0.835729 0.420347 -0.353364 
0.211152 -0.839991 -0.49983 
-0.413288 0.248653 -0.875994 
0.828215 0.502495 -0.248111 
0.378488 -0.828052 -0.413613 
-0.50573 0.0628631 -0.860398 
0.751392 0.5221 -0.403512 
0.423848 -0.850564 -0.311277 
-0.302233 0.231015 -0.924817 
0.923778 0.310301 -0.224382 
0.235136 -0.922142 -0.30719 
-0.0456273 0.384598 -0.921956 
0.991656 0.128829 0.00466466 
0.120568 -0.91405 -0.387267 
-0.126248 0.486959 -0.864253 
0.968102 0.250558 -0.00024275 
0.216427 -0.836715 -0.503058 
-0.483349 0.235226 -0.843233 
0.822092 0.453034 -0.344854 
0.300895 -0.8599 -0.412351 
-0.467929 0.0954359 -0.878598 
0.799867 0.468516 -0.375107 
0.375839 -0.878285 -0.295569 
-0.345345 0.247557 -0.905236 
0.873157 0.438322 -0.213238 
0.343996 -0.864054 -0.367528 
-0.409452 0.24265 -0.879472 
0.830088 0.49907 -0.248765 
0.378555 -0.831896 -0.405766 
-0.169805 0.252071 -0.952694 
0.968602 0.220832 -0.114211 
0.181596 -0.942175 -0.281654 
-0.163874 0.397166 -0.902998 
0.959442 0.277015 -0.0522782 
0.229381 -0.874941 -0.426453 
-0.142024 0.482726 -0.864178 
0.964868 0.262463 -0.011961 
0.221041 -0.835517 -0.503043 
-0.479025 0.322392 -0.816455 
0.822915 0.488665 -0.289857 
0.305526 -0.810722 -0.499384 
-0.470768 0.333211 -0.816914 
0.831918 0.475949 -0.28528 
0.293751 -0.813906 -0.501266 
-0.460655 0.280206 -0.842188 
0.823563 0.48876 -0.287851 
0.33097 -0.826195 -0.455917 
-0.45046 0.281332 -0.847312 
0.829834 0.482023 -0.281123 
0.329335 -0.829763 -0.450591 
-0.106903 0.488716 -0.865869 
0.976579 0.215159 0.000868587 
0.186724 -0.845496 -0.50027 
-0.126248 0.486959 -0.864253 
0.968102 0.250558 -0.00024275 
0.216427 -0.836715 -0.503058 
-0.246919 0.224044 -0.942781 
0.942781 0.28048 -0.180265 
0.224044 -0.933346 -0.28048 
-0.15205 0.473924 -0.867339 
0.95238 0.304913 -0.000350386 
0.264297 -0.82609 -0.497718 
-0.233556 0.384845 -0.892942 
0.93838 0.329808 -0.103298 
0.254746 -0.862045 -0.438159 
-0.376012 0.264172 -0.88816 
0.88816 0.376012 -0.264172 
0.264172 -0.88816 -0.376012 
-0.160791 0.169683 -0.972293 
0.931324 0.352238 -0.0925439 
0.326775 -0.9204 -0.214667 
-0.188995 0.165741 -0.96789 
0.95675 0.253064 -0.143485 
0.221157 -0.953146 -0.206401 
-0.207638 0.457066 -0.864856 
0.956723 0.279159 -0.0821624 
0.203878 -0.844489 -0.49525 
-0.146038 0.498859 -0.854291 
0.960062 0.279787 -0.000739356 
0.238651 -0.82028 -0.519795 
-0.191417 0.19813 -0.961303 
0.961314 0.235498 -0.142882 
0.198076 -0.951465 -0.235544 
-0.385215 0.438594 -0.811939 
0.907464 0.339908 -0.246924 
0.167685 -0.831924 -0.528946 
-0.224185 0.253402 -0.941025 
0.922709 0.36592 -0.121285 
0.313606 -0.895483 -0.31585 
-0.434839 0.368116 -0.82183 
0.856924 0.449639 -0.252005 
0.27676 -0.813828 -0.510968 
0.114788 0.0245862 -0.993086 
0.977476 0.175431 0.117327 
0.177102 -0.984185 -0.00389509 
0.116602 0.00537393 -0.993164 
0.98894 0.091666 0.116602 
0.091666 -0.995775 0.00537393 
-0.209101 0.503037 -0.838588 
0.938907 0.343001 -0.0283615 
0.27337 -0.793287 -0.544027 
-0.819756 0.275253 -0.502231 
0.567882 0.504324 -0.650513 
0.0742307 -0.81847 -0.569734 
-0.834249 0.225175 -0.503314 
0.540122 0.51731 -0.663822 
0.110893 -0.825643 -0.553187 
-0.829829 0.22775 -0.509425 
0.546604 0.515464 -0.65994 
0.112289 -0.826091 -0.552236 
-0.815987 0.286614 -0.502014 
0.573952 0.505173 -0.644499 
0.0688813 -0.814034 -0.576718 
-0.792108 0.294038 -0.53489 
0.604161 0.502476 -0.618472 
0.0869151 -0.813056 -0.575661 
-0.827923 0.249774 -0.502152 
0.554157 0.502152 -0.663892 
0.0863342 -0.827923 -0.554157 
-0.818501 0.276638 -0.503515 
0.569703 0.503919 -0.649234 
0.074128 -0.818253 -0.570059 
-0.863121 0.500853 0.0645667 
0.0256127 0.171108 -0.984919 
-0.504348 -0.84845 -0.160515 
0 -0.146984 0.989139 
0 -0.989139 -0.146984 
1 0 0 
-0.860408 0.50067 0.0950163 
0.0646939 0.292254 -0.95415 
-0.505483 -0.814811 -0.283848 
-0.861374 0.50322 0.0693128 
0.0693128 0.25161 -0.965344 
-0.50322 -0.826718 -0.25161 
-0.861374 0.50322 0.0693128 
0.0693128 0.25161 -0.965344 
-0.50322 -0.826718 -0.25161 
1.07933e-19 -7.43566e-19 1 
-0.989628 -0.143651 0 
0.143651 -0.989628 -7.51359e-19 
0 0 1 
-0.973503 -0.228676 0 
0.228676 -0.973503 0 
0 0 1 
-0.960851 -0.277066 0 
0.277066 -0.960851 0 
0.199599 -0.745052 0.636441 
0.838538 -0.206168 -0.504331 
0.506967 0.634344 0.583603 
0.163873 -0.797459 0.580694 
0.845455 -0.189767 -0.499194 
0.508283 0.572755 0.643118 
9.61058e-07 -0.863779 0.503871 
1 2.58419e-08 -1.86305e-06 
1.59624e-06 0.503871 0.863779 
-0.000207657 -0.863791 0.50385 
0.999973 -0.00385958 -0.00620466 
0.00730418 0.503835 0.863769 
0 -0.863779 0.503871 
1 0 0 
0 0.503871 0.863779 
0.000296329 -0.863638 0.504112 
0.999962 -0.00411767 -0.00764215 
0.00867582 0.504095 0.863605 
0.123057 -0.796139 0.59247 
0.968063 -0.0351026 -0.248237 
0.218429 0.604095 0.766393 
0.113912 -0.795015 0.595799 
0.959692 -0.067039 -0.272941 
0.256933 0.602874 0.755333 
0.331847 -0.645815 0.687605 
0.858669 -0.0950151 -0.503646 
0.390595 0.757559 0.523011 
0.00775096 -0.754725 0.655995 
0.999936 0.000408013 -0.0113454 
0.008295 0.656041 0.75468 
0.000419761 -0.863761 0.503901 
0.999954 -0.0044654 -0.00848734 
0.00958116 0.503881 0.86372 
0.0119408 -0.755682 0.65483 
0.999847 0.000642223 -0.017491 
0.0127971 0.654939 0.755574 
0.0133198 -0.755697 0.654786 
0.99978 -0.000541864 -0.0209631 
0.0161966 0.654922 0.755523 
0.0107595 -0.756927 0.653411 
0.999853 -0.000586302 -0.0171435 
0.0133594 0.6535 0.756809 
0 -0.895459 0.445144 
1 0 0 
0 0.445144 0.895459 
0.104556 -0.759001 0.642639 
0.962775 -0.0847081 -0.256687 
0.249263 0.645555 0.721891 
0.288439 -0.681492 0.672585 
0.855096 -0.132726 -0.501193 
0.430829 0.719689 0.544458 
0.280231 -0.688091 0.669329 
0.853397 -0.14068 -0.501919 
0.439527 0.711857 0.547792 
0.3234 -0.644979 0.692398 
0.859852 -0.105182 -0.499591 
0.395054 0.756927 0.52057 
0.292904 -0.701582 0.649608 
0.857758 -0.107368 -0.502716 
0.422444 0.704454 0.570339 
0 -0.870642 0.491918 
1 0 0 
0 0.491918 0.870642 
0.128343 -0.774973 0.618826 
0.978531 -0.0025075 -0.206085 
0.161262 0.631989 0.758013 
0.00649059 -0.756547 0.653907 
0.999954 0.000284967 -0.00959571 
0.00707327 0.653939 0.756514 
0.143953 -0.774905 0.615468 
0.915866 -0.131226 -0.379433 
0.37479 0.618306 0.690818 
0.178259 -0.745098 0.642692 
0.924473 -0.0968799 -0.368732 
0.337005 0.659882 0.671553 
0.209939 -0.746436 0.631473 
0.907491 -0.0915876 -0.409965 
0.363848 0.659124 0.658157 
0.219464 -0.74639 0.628281 
0.895772 -0.100999 -0.432888 
0.386559 0.6578 0.64643 
-1.29729e-18 -0.867877 0.496779 
1 5.5777e-17 1.00054e-16 
-1.14544e-16 0.496779 0.867877 
0.273671 -0.754454 0.596577 
0.857613 -0.0893919 -0.506467 
0.435435 0.650237 0.622566 
0.245296 -0.744535 0.620885 
0.883756 -0.0915308 -0.458909 
0.398504 0.661279 0.635535 
0.163416 -0.757155 0.632465 
0.968096 -0.000369492 -0.250579 
0.189961 0.653235 0.732938 
0.105117 -0.754097 0.648296 
0.962666 -0.0863628 -0.256547 
0.24945 0.65106 0.716865 
0.138993 -0.783135 0.606119 
0.968281 -0.0208573 -0.248992 
0.207636 0.621502 0.755396 
0.176601 -0.728867 0.661487 
0.936711 -0.0819512 -0.340377 
0.3023 0.679733 0.668265 
0.194761 -0.711379 0.675284 
0.919629 -0.106987 -0.377938 
0.341104 0.694618 0.633368 
0.17553 -0.748378 0.639625 
0.914645 -0.116362 -0.387149 
0.364162 0.652986 0.664075 
0.120363 -0.741988 0.65952 
0.918385 -0.169028 -0.35777 
0.376938 0.648755 0.661086 
0.00552045 -0.75566 0.654941 
0.999967 0.000296742 -0.00808627 
0.00591612 0.654964 0.755637 
0.138408 -0.75388 0.642268 
0.96671 -0.0380822 -0.253025 
0.21521 0.655908 0.723512 
0.0715001 -0.757341 0.649093 
0.987896 -0.0360424 -0.150874 
0.137658 0.652024 0.745597 
0.174548 -0.73431 0.655989 
0.963479 -0.0100309 -0.267594 
0.203077 0.67874 0.705742 
0.00857969 -0.751453 0.659731 
0.999921 0.000396068 -0.0125527 
0.00917145 0.659786 0.751397 
0.160331 -0.739078 0.654261 
0.967127 -0.0149212 -0.253857 
0.197382 0.673455 0.71239 
0.192248 -0.716621 0.670444 
0.948705 -0.0390187 -0.313744 
0.250996 0.69637 0.672361 
0.202359 -0.714983 0.669216 
0.953556 -0.0118364 -0.300984 
0.22312 0.699042 0.679381 
0.201122 -0.721351 0.662724 
0.94705 -0.0296769 -0.31971 
0.250291 0.691934 0.677187 
0.200655 -0.731959 0.651133 
0.95069 -0.0149568 -0.309782 
0.236486 0.681185 0.692865 
-0.863842 0.496791 0.0835231 
-0.00281606 0.161034 -0.986945 
-0.503755 -0.8528 -0.137709 
-0.96582 0.240067 0.0977708 
0.000905707 0.380306 -0.92486 
-0.259212 -0.89316 -0.367525 
-0.993594 0.101549 0.0495816 
-0.00874946 0.368305 -0.929664 
-0.112667 -0.924143 -0.365057 
-0.755689 0.654931 0 
-0 0 -1 
-0.654931 -0.755689 0 
-0.755689 0.654931 -2.09746e-17 
-1.7076e-18 -3.3996e-17 -1 
-0.654931 -0.755689 2.68087e-17 
-0.755706 0.654596 0.0202913 
0.000825356 0.0319352 -0.99949 
-0.65491 -0.755304 -0.0246739 
-0.755706 0.654596 0.0202913 
0.000825356 0.0319352 -0.99949 
-0.65491 -0.755304 -0.0246739 
-0.835061 0.541625 0.0965135 
0.0503106 0.249874 -0.96697 
-0.547852 -0.802624 -0.23591 
-0.864193 0.487199 0.125729 
-0.000211095 0.249527 -0.968368 
-0.503161 -0.836883 -0.215537 
-0.879714 0.471099 0.0645704 
0.0644828 0.252732 -0.965385 
-0.471111 -0.845099 -0.252709 
0.298726 -0.643802 0.704472 
0.850299 -0.155607 -0.50277 
0.433305 0.749203 0.500941 
-0.84475 0.531115 0.0656857 
0.0799431 0.246598 -0.965815 
-0.529157 -0.810621 -0.250773 
-0.965969 0.258659 0.00020367 
0.087193 0.326365 -0.941214 
-0.24352 -0.909165 -0.337812 
-0.8591 0.506242 0.0752703 
0.0869997 0.289374 -0.953254 
-0.504359 -0.812392 -0.292644 
-0.954666 0.282273 0.0945223 
-0.00201681 0.31139 -0.95028 
-0.297672 -0.907391 -0.296705 
-0.861374 0.50322 0.0693128 
0.0693128 0.25161 -0.965344 
-0.50322 -0.826718 -0.25161 
-0.874248 0.483424 0.0446268 
0.049537 0.180271 -0.982369 
-0.482946 -0.856623 -0.181549 
-0.852213 0.500865 0.151219 
0.00116474 0.290845 -0.956769 
-0.523194 -0.815195 -0.248446 
-0.859902 0.506058 0.0668835 
0.0205232 0.165195 -0.986047 
-0.510046 -0.846532 -0.152438 
-0.755689 0.654931 0 
-0 0 -1 
-0.654931 -0.755689 0 
-0.788931 -0.541738 -0.290015 
0.0815152 0.375529 -0.923219 
0.609052 -0.751996 -0.252106 
-0.802022 -0.541851 -0.251311 
0.0402086 0.370816 -0.927836 
0.595939 -0.75425 -0.275616 
-0.605734 -0.794004 -0.0514305 
-0.169431 0.191872 -0.966684 
0.777419 -0.576839 -0.250752 
-0.862663 0.501373 0.0666202 
0.0238482 0.171893 -0.984827 
-0.505217 -0.847985 -0.160242 
-0.755776 0.653256 0.045388 
0.00184434 0.0714358 -0.997443 
-0.654828 -0.75376 -0.0551943 
-0.755689 0.654931 -1.11022e-16 
8.38983e-17 -7.27119e-17 -1 
-0.654931 -0.755689 6.18626e-33 
-0.765818 -0.592017 -0.251076 
0.0332267 0.353491 -0.934848 
0.642199 -0.724265 -0.251039 
-0.766181 -0.59172 -0.250666 
0.033123 0.353184 -0.934967 
0.641771 -0.724657 -0.251004 
-0.931903 0.362683 -0.00428591 
0.117084 0.289618 -0.949954 
-0.343291 -0.885767 -0.31236 
-0.604953 -0.756116 -0.249641 
-0.0256559 0.331863 -0.942979 
0.795848 -0.564053 -0.22016 
-0.80216 -0.546899 -0.239667 
0.0308917 0.36283 -0.931343 
0.596309 -0.75449 -0.274153 
-0.818652 -0.525243 -0.232224 
0.0260523 0.369985 -0.928672 
0.573698 -0.76631 -0.289205 
-0.791106 -0.552021 -0.263485 
0.0599301 0.358735 -0.931514 
0.608736 -0.752717 -0.250715 
-0.828485 -0.527919 -0.186855 
-0.0011073 0.335206 -0.942144 
0.56001 -0.780345 -0.278298 
-0.749679 -0.502057 -0.431184 
0.253937 0.383437 -0.887971 
0.611144 -0.775187 -0.159963 
-0.861374 0.50322 0.0693128 
0.0693128 0.25161 -0.965344 
-0.50322 -0.826718 -0.25161 
-0.703835 -0.506139 -0.498436 
0.294951 0.430097 -0.853241 
0.646235 -0.747556 -0.153431 
-0.622468 -0.782645 -0.000345351 
-0.204793 0.163306 -0.965086 
0.755376 -0.600665 -0.261933 
-0.75618 -0.586183 -0.29083 
0.0788929 0.359536 -0.92979 
0.649591 -0.726033 -0.225628 
-0.708249 -0.499622 -0.498759 
0.290564 0.437576 -0.850941 
0.643394 -0.747599 -0.16474 
-0.622468 -0.782645 -0.000345351 
-0.204793 0.163306 -0.965086 
0.755376 -0.600665 -0.261933 
-0.645401 -0.754643 -0.1182 
-0.1182 0.251548 -0.9606 
0.754643 -0.606001 -0.251548 
-0.645401 -0.754643 -0.1182 
-0.1182 0.251548 -0.9606 
0.754643 -0.606001 -0.251548 
-0.645401 -0.754643 -0.1182 
-0.1182 0.251548 -0.9606 
0.754643 -0.606001 -0.251548 
-0.595136 -0.788862 -0.153331 
-0.120102 0.275965 -0.953635 
0.7946 -0.549127 -0.25898 
-0.637339 -0.767924 -0.063962 
-0.153407 0.207786 -0.96607 
0.755159 -0.605902 -0.250235 
-0.605042 -0.796192 -0.00184987 
-0.255303 0.19621 -0.946743 
0.754152 -0.572347 -0.321986 
-0.755708 0.654569 0.0211118 
0.000858713 0.0332266 -0.999447 
-0.654908 -0.755272 -0.0256717 
-0.545098 -0.820293 -0.173173 
-0.089271 0.262175 -0.960882 
0.833606 -0.508315 -0.216139 
-0.691765 -0.515962 -0.505218 
0.267234 0.467045 -0.842885 
0.670856 -0.718089 -0.185203 
-0.688095 -0.520799 -0.505266 
0.278266 0.453695 -0.846598 
0.670144 -0.723138 -0.167265 
-0.650289 -0.717324 -0.250142 
-0.00956448 0.336974 -0.941465 
0.759627 -0.609832 -0.225991 
-0.640628 -0.725152 -0.25249 
-0.000349552 0.329102 -0.944294 
0.767852 -0.604853 -0.211085 
-0.591092 -0.755013 -0.283839 
-0.00242329 0.353555 -0.935411 
0.8066 -0.552226 -0.210813 
-0.596186 -0.751695 -0.281988 
-0.00134974 0.352174 -0.935934 
0.802845 -0.55761 -0.210975 
-0.638148 -0.580121 -0.506189 
0.227707 0.485838 -0.843866 
0.73547 -0.653774 -0.177939 
-0.628106 -0.588972 -0.508522 
0.229721 0.484038 -0.844355 
0.743445 -0.647163 -0.168728 
-0.680916 -0.681507 -0.268145 
-0.000567957 0.366629 -0.930367 
0.732361 -0.63335 -0.250031 
-0.683514 -0.679488 -0.266653 
-0.000452306 0.365704 -0.930731 
0.729937 -0.636047 -0.250271 
-0.600439 -0.799671 0.000421088 
-0.263289 0.197195 -0.944348 
0.755084 -0.567134 -0.328948 
-0.649567 -0.701958 -0.292093 
-0.00074474 0.384766 -0.923014 
0.760304 -0.599342 -0.250454 
-0.708185 -0.502828 -0.495619 
0.239418 0.489357 -0.838576 
0.664194 -0.712526 -0.226169 
-0.555974 -0.827997 -0.0728995 
-0.24994 0.250181 -0.935382 
0.792732 -0.501827 -0.346043 
-0.749154 -0.592014 -0.297133 
0.0398887 0.407439 -0.912361 
0.661194 -0.695351 -0.28162 
-0.648318 -0.75333 -0.110354 
-0.154142 0.271808 -0.949927 
0.745603 -0.598844 -0.292338 
-0.660919 -0.741504 -0.115572 
-0.115349 0.252547 -0.960684 
0.741539 -0.621604 -0.252445 
-0.664288 -0.690317 -0.286678 
0.0163367 0.370028 -0.928877 
0.747298 -0.621726 -0.234527 
-0.6622 -0.692145 -0.287101 
0.0112075 0.373954 -0.927379 
0.749244 -0.617328 -0.239875 
-0.647038 -0.664839 -0.373271 
0.0984947 0.412577 -0.905582 
0.756069 -0.622711 -0.20147 
-0.70289 -0.506054 -0.499855 
0.310434 0.414031 -0.855692 
0.639982 -0.75663 -0.133922 
-0.708026 -0.499199 -0.499499 
0.297293 0.430884 -0.85203 
0.640559 -0.751757 -0.156669 
-0.723381 -0.502101 -0.473936 
0.246459 0.453422 -0.856543 
0.644964 -0.736413 -0.204249 
-0.671027 -0.606903 -0.425901 
0.176883 0.426803 -0.886877 
0.720024 -0.670453 -0.179045 
-0.671234 -0.675296 -0.305648 
0.0296594 0.387545 -0.921373 
0.740652 -0.627522 -0.240105 
-0.650889 -0.732082 -0.200995 
-0.095467 0.341583 -0.93499 
0.753146 -0.589387 -0.292222 
-0.65817 -0.727366 -0.194297 
-0.0624586 0.309938 -0.948703 
0.750274 -0.612272 -0.249422 
-0.69593 -0.672893 -0.250793 
-0.032172 0.378105 -0.925204 
0.717389 -0.635808 -0.284783 
-0.750189 -0.612915 -0.248096 
0.000122107 0.375079 -0.926993 
0.661223 -0.69545 -0.281305 
-0.711432 -0.654207 -0.256667 
-0.00100212 0.366173 -0.930546 
0.702755 -0.661763 -0.261163 
-0.844216 -0.499199 -0.195192 
0.00335913 0.359228 -0.933244 
0.535993 -0.788515 -0.301589 
-0.748727 -0.498575 -0.436842 
0.195282 0.463861 -0.864117 
0.633461 -0.732295 -0.249943 
-0.758779 -0.559021 -0.334291 
0.0716314 0.438498 -0.895873 
0.647398 -0.703715 -0.292679 
-0.704596 -0.501638 -0.501901 
0.270814 0.463666 -0.843607 
0.6559 -0.730324 -0.190847 
-0.704596 -0.501638 -0.501901 
0.270814 0.463666 -0.843607 
0.6559 -0.730324 -0.190847 
-0.758336 -0.565555 -0.32415 
0.0679172 0.42601 -0.902165 
0.648316 -0.70616 -0.284648 
-0.683294 -0.705437 -0.188331 
-0.0587527 0.310222 -0.948847 
0.727776 -0.637276 -0.253419 
-0.706291 -0.662344 -0.249904 
-0.00171152 0.354608 -0.935013 
0.707919 -0.659964 -0.25159 
-0.592678 -0.755434 -0.279377 
-0.00299084 0.348924 -0.937146 
0.805434 -0.55459 -0.209059 
-0.645401 -0.754643 -0.1182 
-0.1182 0.251548 -0.9606 
0.754643 -0.606001 -0.251548 
-0.705859 -0.662648 -0.250323 
-0.00153682 0.354819 -0.934934 
0.708351 -0.659547 -0.25147 
-0.707107 -0.660979 -0.25121 
-4.50568e-17 0.355265 -0.934766 
0.707107 -0.660979 -0.25121 
-0.699065 -0.669772 -0.250426 
-0.0183079 0.366868 -0.930093 
0.714823 -0.645611 -0.268726 
-0.712422 -0.654779 -0.252427 
0.000302339 0.359424 -0.933174 
0.701752 -0.66489 -0.255864 
-0.632142 -0.774851 -0.00161218 
-0.302562 0.248751 -0.920097 
0.713339 -0.581144 -0.391686 
-0.657716 -0.697364 -0.28477 
-0.00219805 0.379822 -0.925057 
0.753263 -0.607799 -0.251348 
-0.656866 -0.683758 -0.317808 
0.0241659 0.402184 -0.91524 
0.75362 -0.60887 -0.247657 
-0.750189 -0.612915 -0.248096 
0.000122107 0.375079 -0.926993 
0.661223 -0.69545 -0.281305 
-0.665227 -0.746639 0.00160233 
-0.253682 0.224001 -0.940994 
0.702224 -0.626381 -0.338421 
-0.714199 -0.618299 -0.328063 
0.0649701 0.408116 -0.910615 
0.69692 -0.671675 -0.251305 
-0.687643 -0.659823 -0.302954 
0.0300691 0.391025 -0.919889 
0.725426 -0.641665 -0.249045 
-0.724613 -0.588384 -0.358803 
0.0987764 0.426594 -0.899033 
0.68204 -0.686893 -0.250997 
-0.740028 -0.566378 -0.362732 
0.175473 0.358054 -0.917064 
0.649283 -0.742303 -0.165586 
-0.730295 -0.549299 -0.406128 
0.219808 0.373945 -0.901027 
0.646803 -0.747285 -0.15235 
-0.826078 -0.560146 -0.0619069 
-0.158914 0.336924 -0.928024 
0.540687 -0.756782 -0.36734 
-0.70531 -0.662839 -0.25136 
0.000106185 0.35448 -0.935064 
0.708899 -0.659537 -0.249948 
-0.6847 -0.71734 -0.128875 
-0.127984 0.292419 -0.947687 
0.7175 -0.632388 -0.292027 
-0.680613 -0.689839 -0.246754 
-0.000309056 0.33707 -0.941479 
0.732643 -0.640707 -0.229628 
-0.736407 -0.628026 -0.251572 
0.0165383 0.355029 -0.934709 
0.676336 -0.692487 -0.251059 
-0.829347 -0.555549 -0.0595719 
-0.16369 0.343527 -0.924768 
0.534219 -0.757202 -0.375841 
-0.049083 -0.998057 0.038382 
-0.621815 0.000461971 -0.783164 
0.781625 -0.0623066 -0.620629 
-0.719341 -0.672119 -0.175513 
-0.0770469 0.328299 -0.941426 
0.690371 -0.663684 -0.287944 
-0.646449 -0.720062 -0.252219 
-8.32937e-05 0.330647 -0.943754 
0.762957 -0.610068 -0.213806 
-0.129293 -0.969242 0.209413 
-0.851513 0.000302343 -0.524333 
0.508142 -0.24611 -0.825361 
-0.674628 -0.724635 -0.140645 
-0.107089 0.284599 -0.952647 
0.730348 -0.627621 -0.269598 
-0.708936 -0.660061 -0.248453 
-0.00369146 0.355747 -0.934575 
0.705263 -0.661637 -0.254639 
-0.753507 -0.611653 -0.241057 
0.00115177 0.365432 -0.930837 
0.657439 -0.70167 -0.274651 
-0.0863163 -0.995345 0.0428743 
-0.653682 0.0241061 -0.756385 
0.751831 -0.0933145 -0.65272 
-0.707107 -0.660943 -0.251305 
1.84137e-16 0.355398 -0.934715 
0.707107 -0.660943 -0.251305 
-0.753043 -0.611994 -0.241639 
0.00824073 0.358448 -0.933513 
0.65792 -0.704967 -0.264883 
-0.659306 -0.75187 -0.00277676 
-0.282282 0.250949 -0.925927 
0.696873 -0.609686 -0.377692 
-0.674103 -0.283474 -0.682076 
0.502648 0.50058 -0.704815 
0.54123 -0.817962 -0.194955 
-0.711902 -0.672346 -0.202845 
-0.0520915 0.338597 -0.939489 
0.700344 -0.658257 -0.276071 
-0.158763 -0.961849 0.222801 
-0.830079 0.00785311 -0.557591 
0.534568 -0.273467 -0.799658 
-0.188305 -0.963539 0.190088 
-0.769272 0.0243836 -0.638456 
0.610543 -0.266454 -0.745815 
-0.134476 -0.976573 0.167992 
-0.790174 0.00338053 -0.612874 
0.597948 -0.215159 -0.772117 
-0.622947 -0.53659 -0.569218 
0.304354 0.50407 -0.808259 
0.720629 -0.676746 -0.150695 
-0.620199 -0.513695 -0.59285 
0.332013 0.512831 -0.791689 
0.710718 -0.687839 -0.147504 
-0.190303 -0.94285 0.27353 
-0.821225 0.000216356 -0.570604 
0.537935 -0.333218 -0.774333 
-0.162516 -0.950205 0.265894 
-0.850397 -0.00178305 -0.526139 
0.500414 -0.311621 -0.807761 
-0.0874124 -0.994958 0.049172 
-0.67465 0.0228094 -0.737785 
0.732943 -0.0976655 -0.673242 
-0.188043 -0.963993 0.188037 
-0.705343 -0.000683055 -0.708866 
0.68347 -0.265928 -0.679817 
-0.213031 -0.970387 0.113868 
-0.704808 0.0719138 -0.705744 
0.676656 -0.230601 -0.699257 
-0.647877 -0.286266 -0.705909 
0.504759 0.532711 -0.679292 
0.570504 -0.796411 -0.200636 
-0.104893 -0.988071 0.112749 
-0.756106 0.00559083 -0.654425 
0.645988 -0.153895 -0.747674 
-0.212818 -0.933042 0.290072 
-0.809298 0.00197861 -0.587395 
0.547491 -0.359763 -0.75553 
-0.25124 -0.931031 0.264688 
-0.752924 0.0161362 -0.65791 
0.608264 -0.364583 -0.705049 
-0.211566 -0.953805 0.213296 
-0.761305 0.0239682 -0.647951 
0.612906 -0.299468 -0.731208 
-0.25047 -0.935048 0.250898 
-0.754132 0.0259292 -0.656211 
0.607083 -0.353571 -0.711644 
-0.66431 -0.250954 -0.70407 
0.515519 0.528238 -0.674689 
0.541232 -0.811164 -0.221543 
-0.250654 -0.935969 0.247255 
-0.707229 0.00263451 -0.70698 
0.66106 -0.352073 -0.662604 
-0.221556 -0.942491 0.250248 
-0.746283 -0.00130367 -0.665627 
0.627674 -0.334229 -0.703076 
-0.251157 -0.934766 0.251263 
-0.711362 0.00221475 -0.702822 
0.656418 -0.355257 -0.665513 
-0.676005 -0.191197 -0.71166 
0.531342 0.542679 -0.650519 
0.510581 -0.817889 -0.265263 
-0.303058 -0.867165 0.395198 
-0.794137 0.000567983 -0.607739 
0.526785 -0.498021 -0.68882 
-0.338731 -0.86414 0.372187 
-0.797067 0.0533592 -0.601529 
0.499946 -0.500414 -0.706852 
-0.432149 -0.826433 0.36091 
-0.724269 0.0796222 -0.684905 
0.537292 -0.557377 -0.632968 
-0.334842 -0.864432 0.375018 
-0.751948 0.00528781 -0.659202 
0.567852 -0.502722 -0.651778 
-0.315273 -0.86541 0.389445 
-0.773877 -0.00307826 -0.633329 
0.549288 -0.501054 -0.668751 
-0.329139 -0.865152 0.37839 
-0.791867 0.0345883 -0.609714 
0.514408 -0.500315 -0.69647 
-0.258384 -0.94109 0.218146 
-0.754423 0.055527 -0.654035 
0.603393 -0.333567 -0.724327 
-0.250679 -0.935223 0.250036 
-0.791922 0.049554 -0.608608 
0.556794 -0.350574 -0.753046 
-0.262757 -0.93322 0.245069 
-0.788859 0.0615308 -0.611487 
0.555572 -0.353998 -0.752347 
-0.283654 -0.897804 0.336882 
-0.818463 0.0436181 -0.572901 
0.499659 -0.438231 -0.747191 
-0.249625 -0.905847 0.342241 
-0.829387 0.0175849 -0.558397 
0.499804 -0.42324 -0.755687 
-0.321955 -0.894413 0.310436 
-0.806409 0.0872737 -0.584882 
0.496033 -0.438645 -0.749361 
-0.251177 -0.935295 0.249267 
-0.708329 0.0020989 -0.705879 
0.659682 -0.353864 -0.663024 
-0.334376 -0.864595 0.375058 
-0.753371 0.00611058 -0.657568 
0.566238 -0.502433 -0.653403 
-0.360777 -0.865951 0.346365 
-0.729425 0.0305575 -0.683378 
0.581188 -0.499194 -0.642671 
-0.25201 -0.935478 0.247736 
-0.754832 0.0298232 -0.655239 
0.605573 -0.352125 -0.713645 
-0.251194 -0.935004 0.250337 
-0.707521 0.000870723 -0.706692 
0.660542 -0.354636 -0.661753 
-0.689001 -0.229399 -0.687498 
0.501578 0.533804 -0.680789 
0.523161 -0.813898 -0.25273 
-0.75675 -0.433513 -0.489281 
0.248668 0.501304 -0.828769 
0.604561 -0.74884 -0.271561 
-0.748633 -0.248913 -0.614484 
0.430421 0.522487 -0.736034 
0.504268 -0.815506 -0.284014 
-0.788404 -0.389044 -0.476512 
0.2519 0.502521 -0.827055 
0.561218 -0.772087 -0.298189 
-0.76972 -0.409386 -0.489831 
0.249946 0.51278 -0.82133 
0.587417 -0.754625 -0.292373 
-0.770065 -0.249053 -0.587344 
0.397435 0.532894 -0.74704 
0.499045 -0.808701 -0.31138 
-0.6903 -0.249795 -0.679035 
0.498629 0.515801 -0.696648 
0.524267 -0.819482 -0.231502 
-0.673205 -0.248349 -0.696504 
0.49324 0.55094 -0.673186 
0.550917 -0.796736 -0.2484 
-0.673205 -0.248349 -0.696504 
0.49324 0.55094 -0.673186 
0.550917 -0.796736 -0.2484 
-0.701861 -0.429093 -0.568569 
0.33955 0.500135 -0.796599 
0.626176 -0.752159 -0.205327 
-0.753103 -0.441798 -0.487493 
0.240276 0.505096 -0.828942 
0.612456 -0.741412 -0.274236 
-0.752117 -0.427675 -0.501412 
0.26415 0.501412 -0.8239 
0.603775 -0.752117 -0.26415 
-0.772515 -0.354929 -0.526541 
0.332806 0.479887 -0.811757 
0.540797 -0.80233 -0.252597 
-0.74041 -0.348982 -0.57446 
0.365641 0.508019 -0.779887 
0.564004 -0.787482 -0.24854 
-0.659996 -0.317714 -0.680781 
0.498762 0.492362 -0.713314 
0.56182 -0.810332 -0.166493 
-0.645641 -0.452176 -0.615373 
0.4119 0.472352 -0.779245 
0.643029 -0.756585 -0.118718 
-0.638393 -0.42256 -0.643349 
0.426311 0.501812 -0.752624 
0.640869 -0.754737 -0.140211 
-0.747012 -0.275231 -0.605162 
0.413306 0.520722 -0.747012 
0.520722 -0.808144 -0.275231 
-0.720408 -0.313491 -0.618656 
0.412574 0.523309 -0.745607 
0.557489 -0.792383 -0.247658 
-0.752117 -0.427675 -0.501412 
0.26415 0.501412 -0.8239 
0.603775 -0.752117 -0.26415 
-0.745737 -0.287458 -0.601035 
0.393918 0.537312 -0.745737 
0.537312 -0.792883 -0.287458 
-0.706496 -0.250978 -0.66172 
0.490723 0.500007 -0.713571 
0.509955 -0.828856 -0.230093 
-0.703322 -0.367029 -0.608791 
0.367029 0.545936 -0.753155 
0.608791 -0.753155 -0.249259 
-0.749425 -0.434449 -0.499616 
0.261023 0.499616 -0.825984 
0.608465 -0.749425 -0.261023 
-0.739784 -0.432683 -0.515272 
0.278492 0.500229 -0.819886 
0.612505 -0.750038 -0.249562 
-0.750094 -0.363774 -0.552293 
0.344495 0.497942 -0.79585 
0.564519 -0.787225 -0.248185 
-0.6415 -0.420647 -0.641508 
0.425132 0.501145 -0.753735 
0.638545 -0.756247 -0.142654 
-0.750595 -0.435455 -0.496976 
0.253531 0.50476 -0.82519 
0.610187 -0.745383 -0.268469 
-0.641445 -0.425097 -0.638624 
0.420816 0.501065 -0.756206 
0.641454 -0.753808 -0.142518 
-0.749182 -0.300769 -0.590139 
0.404775 0.497343 -0.767337 
0.524293 -0.813749 -0.250857 
-0.702436 -0.501984 -0.504575 
0.251668 0.487952 -0.835803 
0.665768 -0.714083 -0.216422 
-0.752117 -0.26415 -0.603775 
0.427675 0.501412 -0.752117 
0.501412 -0.8239 -0.26415 
-0.752117 -0.427675 -0.501412 
0.26415 0.501412 -0.8239 
0.603775 -0.752117 -0.26415 
-0.761673 -0.487508 -0.426838 
0.241836 0.397257 -0.885269 
0.60114 -0.777511 -0.184683 
-0.667953 -0.500019 -0.551198 
0.31202 0.484252 -0.817401 
0.675634 -0.71797 -0.167442 
-0.669047 -0.501505 -0.548515 
0.334838 0.455492 -0.82487 
0.663521 -0.73554 -0.136822 
-0.752117 -0.427675 -0.501412 
0.26415 0.501412 -0.8239 
0.603775 -0.752117 -0.26415 
-0.731383 -0.250464 -0.634309 
0.462765 0.500927 -0.731383 
0.500927 -0.828456 -0.250464 
-0.770622 -0.497075 -0.398821 
0.175659 0.435889 -0.882692 
0.612605 -0.750279 -0.24859 
-0.84921 -0.466808 -0.246846 
0.0651338 0.371296 -0.926227 
0.524023 -0.802639 -0.284903 
-0.845599 -0.502456 -0.180277 
-0.00149242 0.339937 -0.940447 
0.533816 -0.794972 -0.288201 
-0.752117 -0.427675 -0.501412 
0.26415 0.501412 -0.8239 
0.603775 -0.752117 -0.26415 
-0.752117 -0.26415 -0.603775 
0.427675 0.501412 -0.752117 
0.501412 -0.8239 -0.26415 
-0.752689 -0.466795 -0.464286 
0.239778 0.462409 -0.85363 
0.61316 -0.753844 -0.236123 
-0.800517 -0.3305 -0.499941 
0.3305 0.452431 -0.828297 
0.499941 -0.828297 -0.252948 
-0.821967 -0.500734 -0.271359 
0.0381769 0.426944 -0.903472 
0.568254 -0.752984 -0.331818 
-0.813078 -0.501477 -0.295678 
0.0646193 0.427019 -0.901931 
0.578558 -0.752446 -0.314795 
-0.72311 -0.477845 -0.498774 
0.301948 0.430768 -0.850451 
0.621239 -0.765574 -0.167208 
-0.7164 -0.486154 -0.500425 
0.293408 0.440819 -0.848286 
0.632995 -0.754541 -0.173161 
-0.732028 -0.501655 -0.460953 
0.24545 0.436964 -0.865342 
0.635523 -0.746595 -0.196739 
-0.709897 -0.503123 -0.492863 
0.252652 0.471295 -0.845014 
0.65743 -0.724395 -0.207456 
-0.752403 -0.448179 -0.482726 
0.250801 0.482726 -0.839091 
0.609088 -0.752403 -0.250801 
-0.75133 -0.440774 -0.491142 
0.258783 0.487843 -0.833691 
0.60707 -0.753477 -0.252466 
-0.828771 -0.501163 -0.248945 
0.0508846 0.375535 -0.92541 
0.557269 -0.779621 -0.285731 
-0.827181 -0.501088 -0.254328 
0.0519272 0.382495 -0.922497 
0.559531 -0.776279 -0.290372 
-0.704101 -0.5019 -0.502333 
0.2518 0.484974 -0.837495 
0.663957 -0.716168 -0.215092 
-0.710189 -0.502617 -0.492958 
0.252363 0.471928 -0.844747 
0.657225 -0.724334 -0.208316 
-0.786707 -0.357623 -0.503188 
0.302528 0.487175 -0.81923 
0.538116 -0.796722 -0.275073 
-0.754246 -0.441587 -0.485914 
0.250439 0.490626 -0.834606 
0.606954 -0.75119 -0.259462 
-0.752403 -0.448179 -0.482726 
0.250801 0.482726 -0.839091 
0.609088 -0.752403 -0.250801 
-0.747156 -0.485549 -0.453873 
0.211447 0.473753 -0.854897 
0.630118 -0.734711 -0.2513 
-0.752283 -0.448328 -0.482776 
0.250761 0.482776 -0.839075 
0.609253 -0.752283 -0.250761 
-0.997289 -0.0677852 -0.028643 
-0.000985618 0.401501 -0.915858 
0.0735818 -0.913347 -0.400479 
-0.983809 -0.000483092 -0.179221 
0.160505 0.442554 -0.882261 
0.0797413 -0.896742 -0.435311 
-0.958636 -0.12005 -0.258079 
0.18951 0.407321 -0.893407 
0.212375 -0.90536 -0.367722 
-0.866024 -0.459922 -0.196148 
-0.00375462 0.398265 -0.917263 
0.499988 -0.793635 -0.346634 
-0.864297 -0.451099 -0.222485 
0.0370134 0.384091 -0.922553 
0.501618 -0.805595 -0.315272 
-0.888156 0.000791253 -0.459541 
0.405329 0.472543 -0.782567 
0.216534 -0.881307 -0.420013 
-0.957935 0.000917142 -0.286985 
0.24854 0.502635 -0.828001 
0.143489 -0.864498 -0.481719 
-0.826704 -0.250777 -0.503658 
0.347763 0.475945 -0.807798 
0.442291 -0.842963 -0.306255 
-0.000493333 -0.787877 0.615832 
0.502261 -0.532715 -0.681138 
0.864716 0.308972 0.395983 
-0.936093 -0.245357 -0.252051 
0.133186 0.415977 -0.899569 
0.325563 -0.87565 -0.356715 
-0.945661 -0.149094 -0.288959 
0.20151 0.428718 -0.880678 
0.255185 -0.891051 -0.375378 
-0.957605 -0.0646068 -0.280748 
0.21953 0.467399 -0.856355 
0.186548 -0.881682 -0.433401 
-0.963735 -0.025064 -0.26568 
0.220351 0.486847 -0.845237 
0.150531 -0.873127 -0.463669 
-0.841334 0.000248453 -0.540516 
0.480803 0.457228 -0.748178 
0.246953 -0.889349 -0.384801 
-0.748985 -0.249662 -0.613751 
0.452376 0.484125 -0.748985 
0.484125 -0.838625 -0.249662 
-0.814995 -0.216258 -0.537602 
0.400838 0.459581 -0.792536 
0.418464 -0.861404 -0.287872 
-0.842631 -0.0497182 -0.536192 
0.447755 0.488464 -0.748944 
0.299147 -0.871166 -0.389333 
-0.752403 -0.250801 -0.609088 
0.448179 0.482726 -0.752403 
0.482726 -0.839091 -0.250801 
-0.865462 -0.00194116 -0.500971 
0.432731 0.500971 -0.749515 
0.252426 -0.865462 -0.432731 
-0.254619 -0.950241 -0.179473 
-0.167137 0.226039 -0.959673 
0.952489 -0.214354 -0.216374 
-0.142515 -0.988799 -0.0443452 
-0.245261 0.0786836 -0.966259 
0.958925 -0.12683 -0.253727 
-0.865462 -0.00194116 -0.500971 
0.432731 0.500971 -0.749515 
0.252426 -0.865462 -0.432731 
-0.862632 -0.132507 -0.488168 
0.374622 0.481117 -0.792581 
0.339888 -0.866584 -0.365387 
-0.828498 -0.250911 -0.500634 
0.376968 0.411215 -0.829938 
0.414109 -0.876325 -0.246105 
-0.88816 -0.264172 -0.376012 
0.264172 0.376012 -0.88816 
0.376012 -0.88816 -0.264172 
-0.741038 -0.198465 -0.641462 
0.486692 0.499396 -0.716753 
0.462594 -0.843336 -0.27348 
-0.755409 -0.143907 -0.639255 
0.50057 0.502801 -0.704714 
0.422831 -0.852339 -0.307785 
-0.844425 -0.412164 -0.34215 
0.185651 0.373962 -0.908673 
0.502474 -0.830827 -0.239265 
-0.301869 -0.934798 -0.187158 
-0.186488 0.250424 -0.950005 
0.934932 -0.251874 -0.249924 
-0.841861 -0.00139862 -0.539693 
0.479119 0.45837 -0.74856 
0.248426 -0.888761 -0.385213 
-0.502869 -0.864362 0.000218723 
-0.216407 0.125656 -0.968183 
0.836834 -0.486917 -0.250242 
-0.535 -0.823552 -0.188513 
-0.0639726 0.26198 -0.962951 
0.842427 -0.503119 -0.192844 
-0.93393 -0.251184 -0.254323 
0.13248 0.417587 -0.898927 
0.331998 -0.873228 -0.35672 
-0.917435 -0.167539 -0.360892 
0.238246 0.495133 -0.835513 
0.318671 -0.85251 -0.414337 
-0.247875 -0.948753 -0.196023 
-0.195309 0.247121 -0.949097 
0.948901 -0.196972 -0.246555 
-0.80368 -0.315346 -0.504634 
0.326518 0.475271 -0.817009 
0.497478 -0.821385 -0.279 
-0.864097 -0.436443 -0.250705 
0.0682929 0.391826 -0.917501 
0.49867 -0.809932 -0.30877 
-0.864115 -0.437051 -0.249584 
0.0704071 0.386051 -0.919787 
0.498346 -0.812374 -0.302821 
-0.828344 -0.250887 -0.500901 
0.376235 0.413342 -0.829214 
0.415082 -0.875331 -0.247997 
-0.843515 -0.0521469 -0.534569 
0.447437 0.482361 -0.75308 
0.297126 -0.874419 -0.383546 
-0.834714 -0.0970115 -0.542072 
0.429495 0.501392 -0.751093 
0.344655 -0.859764 -0.376853 
-0.397222 -0.89959 -0.18153 
-0.171863 0.267224 -0.948185 
0.901486 -0.345441 -0.260754 
-0.504571 -0.855758 -0.114394 
-0.203834 0.246826 -0.94738 
0.838964 -0.454703 -0.298974 
-0.480599 -0.840348 -0.250679 
-0.105591 0.33923 -0.934759 
0.87056 -0.422775 -0.251767 
-0.502869 -0.864362 0.000218723 
-0.216407 0.125656 -0.968183 
0.836834 -0.486917 -0.250242 
-0.791566 -0.356529 -0.496296 
0.342882 0.413126 -0.843658 
0.505821 -0.837982 -0.204769 
-0.263813 -0.964014 -0.032864 
-0.233814 0.0969664 -0.967434 
0.935806 -0.247537 -0.250981 
-0.277074 -0.954058 -0.114028 
-0.211287 0.176266 -0.961399 
0.93733 -0.242286 -0.250419 
-0.866578 0.00192497 -0.499038 
0.433289 0.499038 -0.750481 
0.247594 -0.866578 -0.433289 
-0.25341 -0.945755 -0.203299 
-0.184109 0.25347 -0.949661 
0.949678 -0.203224 -0.238354 
-0.749651 -0.269357 -0.604541 
0.435856 0.486461 -0.757222 
0.498048 -0.831145 -0.247275 
-0.74729 -0.265183 -0.609292 
0.437269 0.494179 -0.751388 
0.500354 -0.827928 -0.253338 
-0.752117 -0.26415 -0.603775 
0.427675 0.501412 -0.752117 
0.501412 -0.8239 -0.26415 
-0.753391 -0.234333 -0.614402 
0.463029 0.474387 -0.748706 
0.466911 -0.848555 -0.248895 
-0.237522 -0.949205 -0.206383 
-0.19785 0.255283 -0.946407 
0.95102 -0.18396 -0.248436 
-0.743882 -0.269691 -0.611479 
0.441904 0.487903 -0.752776 
0.50136 -0.830191 -0.243764 
-0.50076 -0.865585 0.00137331 
-0.354059 0.203382 -0.912841 
0.789862 -0.4576 -0.408314 
-0.362359 -0.932035 -0.00265968 
-0.356032 0.141055 -0.923766 
0.861358 -0.333789 -0.382947 
-0.503071 -0.82509 -0.257189 
-0.0636565 0.332155 -0.941074 
0.861898 -0.457055 -0.21962 
-0.0890839 -0.986781 -0.135381 
-0.248925 0.153665 -0.956255 
0.964417 -0.0514874 -0.259323 
-0.276821 -0.940728 -0.195963 
-0.188289 0.253081 -0.948945 
0.942294 -0.225791 -0.247187 
-0.441046 -0.895155 -0.0646132 
-0.194005 0.165383 -0.966959 
0.876265 -0.413939 -0.246606 
-0.759734 -0.250216 -0.600164 
0.431294 0.496822 -0.753096 
0.486611 -0.830999 -0.269536 
0.0341946 -0.707461 0.705924 
0.510429 -0.594906 -0.620926 
0.85924 0.381557 0.340766 
-0.748985 -0.249662 -0.613751 
0.452376 0.484125 -0.748985 
0.484125 -0.838625 -0.249662 
-0.752403 -0.250801 -0.609088 
0.448179 0.482726 -0.752403 
0.482726 -0.839091 -0.250801 
-0.303043 -0.929851 -0.208668 
-0.18125 0.271206 -0.945302 
0.935582 -0.248646 -0.250722 
-0.0352825 -0.997005 -0.0688179 
-0.36101 0.076926 -0.929384 
0.931894 -0.00794704 -0.362643 
-0.226129 -0.97308 -0.0445091 
-0.343341 0.122381 -0.931204 
0.911583 -0.19529 -0.361772 
-0.546359 -0.791254 -0.274607 
-0.031265 0.346908 -0.937378 
0.836967 -0.503559 -0.214275 
-0.250251 -0.968181 -0.000323554 
-0.338115 0.0877076 -0.937009 
0.907223 -0.234378 -0.349305 
-0.250274 -0.968175 -0.000154772 
-0.396379 0.10261 -0.912335 
0.883315 -0.228273 -0.409445 
0.138213 -0.783832 0.605396 
0.434548 -0.501289 -0.748249 
0.88998 0.366492 0.271328 
0.103137 -0.746975 0.656804 
0.409168 -0.570006 -0.712512 
0.906611 0.34223 0.24685 
-0.502682 -0.864471 -0.00017617 
-0.278118 0.161916 -0.946802 
0.818511 -0.475891 -0.321817 
-0.538771 -0.839417 -0.07145 
-0.20861 0.215102 -0.954051 
0.816216 -0.499109 -0.291001 
-0.35643 -0.900413 -0.249428 
-0.0997807 0.302118 -0.948034 
0.928979 -0.31302 -0.197528 
-0.50702 -0.84969 -0.144767 
-0.144767 0.249517 -0.957488 
0.84969 -0.464508 -0.249517 
-0.287762 -0.936718 -0.19938 
-0.188757 0.259575 -0.947096 
0.938916 -0.234904 -0.251508 
-0.502869 -0.864362 0.000218723 
-0.216407 0.125656 -0.968183 
0.836834 -0.486917 -0.250242 
-0.435259 -0.900305 5.87952e-05 
-0.224613 0.108528 -0.968386 
0.871836 -0.421511 -0.249458 
-0.251755 -0.967478 -0.0246186 
-0.237715 0.0864765 -0.967478 
0.938142 -0.237715 -0.251755 
-0.255776 -0.948142 -0.188692 
-0.197023 0.242213 -0.950008 
0.946446 -0.205812 -0.248758 
-0.726071 -0.231388 -0.647519 
0.483765 0.497324 -0.720167 
0.488665 -0.836139 -0.249155 
-0.000228944 -0.75271 0.658353 
0.503697 -0.568825 -0.650175 
0.86388 0.331462 0.379268 
-0.504781 -0.861179 -0.0597258 
-0.314514 0.247902 -0.916311 
0.803914 -0.443752 -0.395989 
-0.38361 -0.912693 -0.140835 
-0.252046 0.250185 -0.934816 
0.888435 -0.323108 -0.326014 
0.179867 -0.726994 0.662667 
0.518604 -0.50235 -0.691878 
0.835882 0.468108 0.286665 
-0.297426 -0.920902 -0.251948 
